delta ch(1),theta ch(1),alpha ch(1),beta ch(1),gamma ch(1),delta ch(2),theta ch(2),alpha ch(2),beta ch(2),gamma ch(2),delta ch(3),theta ch(3),alpha ch(3),beta ch(3),gamma ch(3),delta ch(4),theta ch(4),alpha ch(4),beta ch(4),gamma ch(4),delta ch(5),theta ch(5),alpha ch(5),beta ch(5),gamma ch(5),delta ch(6),theta ch(6),alpha ch(6),beta ch(6),gamma ch(6),delta ch(7),theta ch(7),alpha ch(7),beta ch(7),gamma ch(7),delta ch(8),theta ch(8),alpha ch(8),beta ch(8),gamma ch(8),delta ch(9),theta ch(9),alpha ch(9),beta ch(9),gamma ch(9),delta ch(10),theta ch(10),alpha ch(10),beta ch(10),gamma ch(10),delta ch(11),theta ch(11),alpha ch(11),beta ch(11),gamma ch(11),delta ch(12),theta ch(12),alpha ch(12),beta ch(12),gamma ch(12),delta ch(13),theta ch(13),alpha ch(13),beta ch(13),gamma ch(13),delta ch(14),theta ch(14),alpha ch(14),beta ch(14),gamma ch(14),state
,,,,,,,,,,,,,,,,,,,,,,,,,,,,,,,,,,,,,,,,,,,,,,,,,,,,,,,,,,,,,,,,,,,,,,
1189.824981,63.44641243,22.95269892,34.02772414,16.32105542,1973.946487,65.0586225,19.94261183,35.03799108,20.15091776,3540.491033,256.1359037,44.13648889,38.90951529,13.78582483,4442.179944,131.5986142,33.31888416,34.01729916,15.51811049,1062.337086,36.20525314,17.78710998,67.18389275,41.2466466,945.3996252,32.91824542,11.79107202,23.92587163,11.9196726,1361.970468,49.66755247,20.00837508,40.6775772,17.0980145,867.0705586,38.77633266,24.21482177,45.80485365,20.19229742,380.9061945,16.48006979,12.53287072,28.35621403,12.99580089,1205.09568,51.85760672,39.88502031,116.1654507,56.96437784,2655.290098,123.1029868,38.08157552,45.06836845,19.04728976,3339.71595,257.5213099,52.4014627,47.49696364,16.84547652,241.0331755,15.72038412,8.310130544,18.84672159,14.63443948,1251.540681,79.43315975,29.07514249,35.6635438,13.28793754,1
,,,,,,,,,,,,,,,,,,,,,,,,,,,,,,,,,,,,,,,,,,,,,,,,,,,,,,,,,,,,,,,,,,,,,,
2001.788678,54.5608317,24.34367145,29.81690527,18.29076687,3049.618404,49.96410562,22.2563043,33.65037196,21.92466338,5185.67058,141.8541804,44.69524956,32.60405445,15.93040395,7304.132135,84.17928081,34.5422862,32.71717367,20.41321234,2608.221937,27.61940257,17.4189732,53.30457287,41.9565096,2150.107895,23.17225721,15.71842994,33.15079443,25.45525695,3285.088572,41.35616391,20.62170613,33.99999578,21.08364095,1419.925397,25.77897013,19.38783267,31.43831628,15.886737,590.0424381,10.55228355,8.676841034,17.24397624,11.556524,1568.493915,32.42871308,23.80972011,95.02944719,68.75616433,2207.373407,56.6323228,23.56612458,36.82560217,24.63066835,3510.020413,138.0178902,46.53350191,40.02820186,19.91927735,386.5935423,11.43105089,7.040250362,19.3634,18.22409724,6784.641321,55.49320697,25.17257448,32.23164104,17.46210517,1
,,,,,,,,,,,,,,,,,,,,,,,,,,,,,,,,,,,,,,,,,,,,,,,,,,,,,,,,,,,,,,,,,,,,,,
501.1780224,35.10176321,11.94941578,26.16429059,14.48690815,526.6803821,29.516423,8.915236878,26.43415418,16.59456697,1552.551407,137.793803,21.27746851,27.61052935,12.09931993,1072.865551,61.93675599,13.34303897,25.45167312,14.70728579,273.8802025,15.03342637,9.697502424,31.94496859,21.79684312,202.9906023,9.621213794,8.589679906,23.67908399,12.75386732,246.4994992,17.31530152,11.8388552,30.42562288,16.18487698,226.3855006,12.96621971,10.27186126,29.82279703,13.34367502,96.94971989,5.019778917,5.403941814,16.31292845,8.587024765,241.6660933,12.15496823,11.61057254,76.8331649,42.00470081,468.9238043,34.24209819,13.75598576,31.11856031,16.98592946,1192.353821,135.5401019,31.67537166,37.71193893,16.18283168,97.01124262,7.217883937,5.686566709,27.76050181,28.26909494,482.5940793,33.45231225,12.43999028,29.61595517,13.64159173,1
,,,,,,,,,,,,,,,,,,,,,,,,,,,,,,,,,,,,,,,,,,,,,,,,,,,,,,,,,,,,,,,,,,,,,,
424.6234115,50.31409588,16.37432718,26.78293773,11.4387242,384.95967,46.27726851,12.02981613,26.4605192,15.35728897,1252.603147,193.3752696,28.18230818,27.70835096,10.41230436,1538.732155,145.6482429,21.52168344,24.96665304,11.27697582,202.497057,16.19177193,8.756406852,26.46340428,15.69493793,82.50351303,7.701257719,8.299662631,22.11212417,10.45104794,413.1097679,19.50565288,12.88533882,29.720111,14.04851604,107.0464967,15.20602322,18.32150744,40.9882402,17.94486343,52.88395967,6.513417539,8.909153868,22.32581171,11.53162787,156.3250531,16.18054193,17.68064884,50.71767601,26.51116881,942.9525178,65.825549,19.53542588,31.54299913,13.21099081,1044.305022,124.4233427,26.27027942,35.01205829,12.02313258,127.1693191,16.34983794,6.060730947,16.58007633,9.016808211,354.6884011,36.65028992,14.83176649,26.07467633,10.21684044,1
,,,,,,,,,,,,,,,,,,,,,,,,,,,,,,,,,,,,,,,,,,,,,,,,,,,,,,,,,,,,,,,,,,,,,,
315.1272873,39.41287123,10.27276168,16.26371173,9.36933052,380.1065005,38.00050665,7.917208922,21.43344756,14.38326965,1800.625713,195.3898763,26.0109657,19.64103619,8.316279029,1024.282172,94.97593747,11.72815958,17.9084684,9.580852846,141.4817091,11.86213989,5.429888023,20.35540655,15.06207032,62.51881305,7.680939574,6.374664676,14.00419112,8.119229927,135.2166858,16.50739357,8.103073501,18.17771635,11.56537331,1233.17378,17.30476625,10.09405033,17.38348492,8.223072753,23.61832494,5.112016113,5.074962148,9.48303852,5.68112876,82.94701129,9.609629024,8.031082235,26.77823621,13.8996097,373.9859547,31.03665241,11.05575138,18.98645429,10.89442106,1273.722499,131.9393853,21.19383333,22.37769123,10.11506847,53.33889077,7.032830107,4.128409465,10.87657167,8.195982333,267.4395328,33.59811929,10.59198805,14.99947692,7.851892451,1
,,,,,,,,,,,,,,,,,,,,,,,,,,,,,,,,,,,,,,,,,,,,,,,,,,,,,,,,,,,,,,,,,,,,,,
122.209062,21.03153863,10.35009714,16.09357055,7.859059708,119.6992989,14.73082196,6.996938909,19.08512854,15.07714594,603.5550974,66.26652718,13.78115227,15.20281853,6.578518885,365.0083925,37.77027088,9.45075871,15.1070414,7.350301538,65.94905539,9.41135923,5.998381845,18.52085609,11.40180551,43.40844535,8.058105944,6.010763931,12.9795003,7.080259544,824.1349501,61.36464185,23.37520665,27.34370552,11.11615296,28.63455866,13.23526746,9.474531882,15.13228584,6.381929733,22.17940885,6.34343395,4.606973251,9.803159494,4.689306551,46.73866919,9.97281738,6.678263227,24.61011574,11.48797489,178.8724302,21.48545584,9.341316773,15.5210972,7.509177247,565.9331892,68.33769246,14.61908487,17.42925288,7.353682316,26.20636493,5.50908385,3.594225938,8.125218414,4.49942002,121.2415198,28.27514917,10.9058993,15.00453858,5.893884949,1
,,,,,,,,,,,,,,,,,,,,,,,,,,,,,,,,,,,,,,,,,,,,,,,,,,,,,,,,,,,,,,,,,,,,,,
250.3100841,43.42715916,11.74385818,21.89542257,11.42865474,335.3854925,31.88861454,8.775456851,27.40793384,15.54085986,988.2830741,163.6862455,21.90116476,18.84977496,9.313267856,495.3202907,68.73790862,11.54551644,16.97138058,10.27428587,180.6346072,13.66855358,8.311879434,30.59461564,18.68356117,57.77825979,9.16638954,7.161381753,14.05443692,8.17166061,120.806257,16.99944743,10.6642319,23.39772106,15.77202037,76.60059102,16.69968047,11.4160127,18.7297647,8.775988291,35.96795851,6.692102955,5.563397916,9.541580603,5.462103557,110.6286187,13.39406699,13.42000738,34.68970226,25.84718934,229.4247386,27.48779401,12.74374677,23.24825386,15.30467085,875.2514979,105.4166857,19.95647941,22.36065135,13.53132488,51.27080929,9.514741716,10.94468021,33.00851255,30.24222975,311.6938425,41.57011474,14.624428,22.15416418,15.28641021,1
,,,,,,,,,,,,,,,,,,,,,,,,,,,,,,,,,,,,,,,,,,,,,,,,,,,,,,,,,,,,,,,,,,,,,,
197.9414049,35.39126836,13.56034824,20.85179392,8.798318824,2537.841557,68.59312387,21.50138074,34.16155355,16.92468649,1335.541741,206.010513,27.83592927,28.5325194,8.853332042,18347.47411,298.0474734,103.4200952,62.48372737,11.15335902,164.0127878,16.70984305,7.311634534,22.93645516,13.52425126,568.9989741,33.28394283,14.24607385,24.94072733,10.35360045,189.3051963,20.63355175,11.05903522,24.17617334,14.11518221,187.8744234,29.20131054,16.33765626,23.98007932,9.987082906,39.02549007,8.632290663,6.874265252,12.9841507,6.169482975,86.17945217,15.22237719,9.921035439,30.20839528,14.01939546,21679.41475,2390.336163,204.5086299,402.3155556,26.99465014,603.5611748,74.57631779,17.8744091,26.39781355,9.579856921,49.53257112,10.57174974,5.399429702,24.44893157,22.13657389,167.7009241,32.65837901,10.91460568,19.32608525,9.342128374,1
,,,,,,,,,,,,,,,,,,,,,,,,,,,,,,,,,,,,,,,,,,,,,,,,,,,,,,,,,,,,,,,,,,,,,,
64.95344362,12.63250794,9.960914177,17.83059525,9.834630968,39.94973943,6.921208423,6.151803973,24.40399838,19.86359344,40.69719946,9.057281184,7.148150364,14.38404746,7.083034902,43.65290091,7.299165237,6.311052326,17.17586532,9.531063142,113.9889629,12.09268166,6.032989151,22.07572584,14.18124261,23.72840005,7.199758842,5.13258841,13.17618662,7.552422922,118.4505906,14.66722331,8.350091103,18.52229906,11.18784605,1507.026211,106.731684,29.42927868,31.3456545,8.003512974,38.88769021,4.585379897,5.435695738,9.359926635,5.058449436,45.78258532,8.734756526,9.011804682,25.48003937,13.46697358,57.32090589,11.02017038,8.328269526,21.46492577,13.73262051,1466.282196,103.7477932,21.90904527,23.56432891,8.717154961,14.08863603,4.700877929,4.637607581,24.7085525,25.50002837,57.46359983,12.78887904,9.815194556,14.76466116,7.414081718,1
,,,,,,,,,,,,,,,,,,,,,,,,,,,,,,,,,,,,,,,,,,,,,,,,,,,,,,,,,,,,,,,,,,,,,,
146.2207083,23.94291465,10.15525669,19.36145596,9.228469721,76.66094567,17.46118324,7.212984762,24.74558721,16.96748962,433.3090764,62.53588782,11.20480979,14.27308226,6.319790108,167.1181403,27.79175515,7.6354754,15.51447863,8.922963633,60.22952341,8.168644463,6.056882481,20.06215701,13.9036095,27.70677582,6.523377062,5.326247735,13.85449479,8.019260527,134.395472,15.88526956,8.253934052,19.58993332,10.07146648,540.1312308,31.98610003,12.59662997,19.71792565,7.102051185,17.95052033,5.662593582,5.087725009,9.985799377,4.9464205,31.25400423,8.914768874,7.173480864,24.79143378,12.93282243,113.7044652,20.62644886,9.127914749,22.50946321,13.75723232,565.2938394,47.47429218,13.07933744,17.41133,7.657121276,30.1523091,7.075892929,5.70023773,26.2052201,26.75686013,97.68122847,21.65793532,9.691386491,15.55929957,7.400463647,1
,,,,,,,,,,,,,,,,,,,,,,,,,,,,,,,,,,,,,,,,,,,,,,,,,,,,,,,,,,,,,,,,,,,,,,
83.28113458,18.58920748,9.716915233,17.03642701,9.951025218,59.14345854,11.60864507,6.119677825,26.7301849,19.70587921,172.7080556,38.14006763,10.31507336,12.58695983,6.521019497,96.20392286,17.56586522,6.515651611,14.61847603,8.92081072,66.67262745,9.023924472,5.977634179,18.30902487,12.42238795,27.85590464,6.866651578,5.895296809,12.63010956,8.180326994,180.0038756,16.1591409,8.84246219,18.30856399,10.45482423,355.2742776,25.2427506,13.39137005,17.60433243,7.451233369,17.8119757,5.592815834,6.032022698,8.765491845,4.978078004,46.00107251,10.18950722,7.805880651,23.46802335,13.6049953,86.24857483,17.46725075,9.213715463,22.47956141,15.02180695,471.8453499,48.18256944,15.4117911,17.99829476,8.05481076,21.06696896,6.97081104,5.697669359,30.29139888,27.89693509,60.09672177,17.56474025,9.962806104,14.87090729,7.605050128,1
,,,,,,,,,,,,,,,,,,,,,,,,,,,,,,,,,,,,,,,,,,,,,,,,,,,,,,,,,,,,,,,,,,,,,,
103.7359278,24.24264017,11.46272262,18.27491257,8.882768554,85.13142917,15.40901352,6.887066938,29.44017679,19.41309051,247.6467358,47.38869105,9.406483628,14.47761438,6.709731555,339.8049818,33.60161095,8.551868143,15.92730345,9.764914789,373.6048785,16.17229483,7.249086167,20.05702685,13.25900633,25.3580925,7.046422464,5.895768117,13.12232028,7.788463826,197.90526,20.34887061,9.129445643,18.68404292,10.72394645,226.678219,18.80017198,10.46337507,15.56281209,6.24107129,18.04118842,7.58689993,5.142580507,8.897616741,4.418134449,48.96338027,10.81961818,5.549388452,21.25508542,10.80164459,166.2683815,19.30483658,7.860820474,24.72779176,15.97952974,1274.383998,97.36398735,27.43761748,20.08167075,8.054726643,40.32652527,6.871387231,5.350743455,32.82243095,31.91561137,80.37776902,16.51020305,7.517483524,14.64491053,8.231244384,1
,,,,,,,,,,,,,,,,,,,,,,,,,,,,,,,,,,,,,,,,,,,,,,,,,,,,,,,,,,,,,,,,,,,,,,
260.3288098,23.76795579,14.91940627,21.05823164,8.479238793,31.08690921,9.556760158,6.911164715,28.49994335,17.16706826,42.65207466,12.48147846,8.24726738,14.60083278,6.358990991,63.93628784,9.577483431,6.491364235,14.93694903,9.400441805,388.5207606,22.10459351,9.25981636,25.50649822,12.2048172,40.59636068,7.825709698,5.972608343,13.73613509,7.362147029,214.1546802,17.25515337,10.45341687,17.83355456,9.924493321,729.5088022,50.8718962,22.34385211,24.12405659,7.974675245,14.66946826,5.21865065,5.650646454,8.822533703,4.696250858,29.7158344,9.228323347,8.355936898,20.94525674,9.806553314,97.42187098,12.69897845,9.074593459,23.16631807,14.90588642,579.9353041,169.9799731,30.91497546,24.73968338,7.963066007,19.064243,5.158221865,7.484087237,28.12435088,30.85609119,35.16819139,12.62712259,10.08165762,16.62942883,7.572527575,1
,,,,,,,,,,,,,,,,,,,,,,,,,,,,,,,,,,,,,,,,,,,,,,,,,,,,,,,,,,,,,,,,,,,,,,
187.4348237,30.94975393,15.04622994,20.92172547,10.61342005,83.80344762,14.55565678,6.712705704,31.84141362,19.31598845,407.7930562,66.90753458,12.81660185,15.2807265,7.021065256,179.8491026,29.55417207,7.098613563,16.24757109,9.353764853,184.7668686,20.97575036,8.632049081,27.04282581,13.77873506,33.33482316,6.851217186,4.82189087,13.5016377,8.611673237,236.3987586,17.10114465,7.540993158,18.19951319,10.95167411,307.8825828,51.86845295,23.88646255,31.2738467,9.225585498,21.76457424,4.915673347,5.45247787,9.104317499,4.928583468,43.91846407,9.333581768,6.417672908,21.03891022,11.50975721,133.4161589,20.28731062,7.620192345,26.31188998,17.73650698,1004.161071,228.7708858,23.10154271,28.68701851,8.888753608,147.0048457,9.459551665,5.257749145,34.06599955,30.89635916,86.26972802,20.826826,7.73056743,15.57994954,7.886538386,1
,,,,,,,,,,,,,,,,,,,,,,,,,,,,,,,,,,,,,,,,,,,,,,,,,,,,,,,,,,,,,,,,,,,,,,
660.2424772,58.98324228,23.081958,25.90780733,11.39154352,512.8264294,33.60326717,10.66907934,22.86436804,14.69994082,1425.798685,104.7398364,18.76024978,24.44626783,13.07891253,1426.499636,73.87026926,18.20917512,25.0728172,17.00156503,598.1214036,33.26290077,11.84562833,51.94201931,36.9409816,290.0474832,13.80987936,6.572633267,16.85637509,10.10457288,385.7545652,25.09043951,9.676900843,19.00425067,10.46646803,289.9351395,19.58463399,8.876115213,18.34986311,9.384580624,163.9909223,12.0676844,5.519739325,13.18676004,7.288619347,419.2352413,23.72732435,10.81367002,59.34297388,36.99338568,1137.545208,63.61234187,15.53800966,27.26920571,21.91362251,2984.792521,286.2615184,60.56819228,45.54506815,15.4673639,306.4782997,18.35841375,6.187049925,15.79808172,11.89210588,450.8366562,38.89433846,11.21890369,20.72945795,10.45572946,1
,,,,,,,,,,,,,,,,,,,,,,,,,,,,,,,,,,,,,,,,,,,,,,,,,,,,,,,,,,,,,,,,,,,,,,
370.3946072,58.80392758,20.72160533,28.36204771,14.15843829,219.9379055,24.91156194,10.12737543,39.25307063,33.16990592,647.563056,109.9453874,20.67587046,16.17037626,8.297951854,270.2054196,44.15976859,12.19162357,19.08877733,10.76117524,12398.1929,297.1960958,61.09458215,81.61863518,39.68187032,48.53357332,7.33886157,4.85606471,11.09080929,5.436765584,169.4371923,15.69968851,9.272314511,25.90317196,20.01191517,50.79593144,10.73058279,11.31362639,15.68645924,6.565788284,26.69763129,5.355313956,6.615301884,10.33530376,4.725533932,48.33705458,10.46987628,10.04198047,66.97138201,37.71851417,164.4623294,23.68899294,12.26884803,33.72250514,29.47192269,4089.825421,271.4830775,63.32320013,53.99576532,18.67135509,128.8995092,10.64913374,9.455961212,120.6615605,148.4065694,118.1874803,26.87434146,12.74926714,31.81194218,24.50034137,1
,,,,,,,,,,,,,,,,,,,,,,,,,,,,,,,,,,,,,,,,,,,,,,,,,,,,,,,,,,,,,,,,,,,,,,
363.5393106,36.19564465,11.21484021,25.35301265,14.88947372,421.4129606,27.98852653,10.252544,44.53404726,41.34288731,1734.022907,129.9715706,17.06032574,17.12809974,7.624385272,539.1281792,52.91429637,9.862852125,17.67763032,11.64022263,413.993236,17.12006838,9.96657982,48.93815623,33.38841087,63.20107023,9.593490054,4.951292916,9.883731924,5.490250152,275.2134143,17.57583242,10.14594142,28.10390405,22.45099238,53.32399169,13.18651923,7.155979461,13.85849158,7.131437072,30.43668279,6.130906597,4.773027769,10.03325444,5.018510233,50.3472645,11.11669855,8.360309279,62.9872164,43.73491073,256.9169831,20.16525521,8.701128712,27.46793907,21.9106489,3523.906911,187.6952605,37.11202064,38.57737533,15.6277851,91.75808147,10.51024865,7.339105067,102.7262207,137.4074837,288.2013539,29.50981546,10.37037873,25.60744269,20.98347648,1
,,,,,,,,,,,,,,,,,,,,,,,,,,,,,,,,,,,,,,,,,,,,,,,,,,,,,,,,,,,,,,,,,,,,,,
533.6473074,65.39786827,23.93848676,32.18711429,15.21447053,76.40542104,15.31523133,9.616589452,44.19281347,36.49996405,329.8012955,63.92531399,19.25701727,15.90921807,8.175326987,157.0322583,29.48512868,10.1134588,18.64537668,12.72926262,44622.97136,501.584526,138.720372,156.6303559,38.33200945,95.87538902,7.643435897,5.569132682,10.40202239,6.222476344,6003.45805,362.0871226,124.805681,136.1017571,41.03197396,42.33596765,13.72498763,12.86551977,14.35693427,7.259530075,24.87942941,7.094432595,8.951115844,11.00866663,5.801772314,39.41537521,11.07357163,10.91924138,67.7815364,38.69971858,93.59845908,18.33590529,9.984808686,31.27920487,26.19160552,348.1988697,55.93806993,19.52906024,23.55989477,16.43507497,34.52594513,9.358175925,8.742771287,110.2567369,135.054006,73.03889571,23.72060163,15.15440581,25.63538361,23.90988404,1
,,,,,,,,,,,,,,,,,,,,,,,,,,,,,,,,,,,,,,,,,,,,,,,,,,,,,,,,,,,,,,,,,,,,,,
1687.942313,111.174773,28.51160414,37.53713512,16.13512246,170.0452009,18.82788487,7.611529538,51.7402926,49.89322026,645.1339824,96.85202932,19.79185402,16.59188818,8.274711952,235.8760544,39.41058682,9.416638793,20.16725377,12.68930756,11831.1106,41.03777313,14.42866239,51.72054263,33.63492825,31.13217131,6.862410345,4.338256033,9.968881879,5.349422161,163.9944564,17.76458797,10.92965544,33.76266533,25.37452436,42.51218162,14.29136398,8.874091002,17.26982521,6.943617932,21.93878951,6.65924885,6.664783464,10.13445386,5.381234208,35.14241196,11.51718657,8.482257398,65.85696823,44.71497002,159.6112131,22.42430014,9.642515953,34.28659235,27.8563764,2629.614317,257.9833544,48.67563977,51.67085394,19.21891102,67.43186385,9.737681644,11.71245492,116.8238097,175.7759276,118.5473362,24.58394587,11.13495266,28.50215259,21.60711702,1
,,,,,,,,,,,,,,,,,,,,,,,,,,,,,,,,,,,,,,,,,,,,,,,,,,,,,,,,,,,,,,,,,,,,,,
1822.430324,103.2717807,33.54576692,44.81578839,16.61162623,56.42381676,12.28993236,7.486312235,51.01109917,40.87421494,183.1229295,33.87439526,11.19463868,16.58972344,8.63221354,86.56344256,15.81997579,7.422469043,19.34471464,12.22905511,263.1271967,20.95054053,11.12677997,44.18877625,28.2664873,26.47955983,6.58051093,5.637341729,10.95541733,5.939156844,85.79592085,13.09665638,11.06918371,32.00144452,26.41228306,48.57344416,10.74004094,12.98202517,14.68059154,7.934169012,23.2647325,6.664946587,8.763717883,10.93296082,6.268242434,39.30068407,9.46320278,9.368119942,67.83531071,44.89607508,73.75249979,12.63436326,9.134385474,34.19887782,27.03301285,1447.436103,76.67150951,25.8171093,36.42401994,18.79073102,34.23758867,8.219666405,8.212170819,129.5824155,152.1883674,64.58302379,16.03139404,10.28147318,30.49670719,22.61407611,1
,,,,,,,,,,,,,,,,,,,,,,,,,,,,,,,,,,,,,,,,,,,,,,,,,,,,,,,,,,,,,,,,,,,,,,
443.7815107,60.41533379,21.01775304,34.55089185,17.61462306,80.63693695,13.08832277,7.314321101,51.0107912,40.04685625,209.515226,39.80619271,8.170800376,17.6896715,10.27162553,192.2591438,21.83120598,6.72019039,19.7788662,13.10460637,24142.83762,503.5557,145.596085,120.267447,43.23916324,37.33555855,7.67117838,5.892805774,11.49015371,6.758852797,108.2138804,13.79668436,11.50198132,34.40332897,24.83237855,49.5730917,11.07333046,9.776912563,17.337402,7.940125653,27.5605663,6.899504665,7.274183522,10.87014402,5.960142633,43.18883608,11.66867625,8.262503213,63.20405935,41.45929963,138.8467122,21.30880281,8.394403435,39.89183462,31.61723354,456.4892538,60.74366986,18.5764837,32.84489595,21.06495246,47.8759501,10.33623713,8.437333103,138.4621757,175.0447272,66.92395235,21.66414101,9.534533434,30.909862,24.59574704,1
,,,,,,,,,,,,,,,,,,,,,,,,,,,,,,,,,,,,,,,,,,,,,,,,,,,,,,,,,,,,,,,,,,,,,,
2610.965876,193.6380926,67.72676824,78.16650768,24.02248228,1121.737318,18.12172981,10.27109275,55.59299047,42.76956909,2537.064434,48.35098766,12.29738453,22.17097446,12.03612462,1666.510779,24.98202449,9.535902606,25.69065473,14.79066571,2237.006998,114.2258346,36.84632948,68.42127108,36.41730969,1080.270412,11.58796423,6.989808266,14.75000487,8.690003154,1037.105474,15.77692412,12.23686265,37.32857049,26.39169469,865.9418156,17.98790914,13.14206995,21.34663108,11.27705338,531.649179,10.52607807,8.212305289,13.71411183,7.776723698,1180.867719,17.29873066,11.53644974,66.1234879,43.10584379,3924.63411,41.41369433,11.03057574,44.90020209,32.41362416,2857.20666,58.41738437,15.15552051,34.40727927,23.50292106,902.6083743,12.57434092,9.025404953,144.2609475,168.2886715,1537.184894,22.32449182,14.28038857,35.56420517,29.13099823,1
,,,,,,,,,,,,,,,,,,,,,,,,,,,,,,,,,,,,,,,,,,,,,,,,,,,,,,,,,,,,,,,,,,,,,,
2973.97539,139.5490064,56.6734501,54.43488812,20.83732326,229.0450657,12.65888174,14.28054143,58.84101979,54.3236059,237.5503416,32.34043951,15.69800417,16.50069325,9.308191479,114.4427211,16.62827304,12.03319802,21.36938271,13.96619481,1253.781967,49.02107545,24.49678606,59.36426694,34.05149012,30.93089848,7.20002994,6.287887161,10.35602269,5.867433969,93.67343456,10.40507794,13.28157515,33.49557033,26.80266271,42.63133996,11.19817047,15.88227414,14.97110588,7.801353552,22.25847596,6.597135045,8.096472781,10.2524775,5.594789007,46.00285269,10.06285284,8.786778394,64.51338136,40.95799415,97.78537514,14.69115851,13.79203086,38.40627289,34.48877559,452.8037726,47.03009787,19.53019818,30.99252335,20.1869608,69.57309335,9.561593996,14.89578355,189.3406012,227.8903464,67.14241825,16.20606549,17.73577616,34.37297368,27.43839725,1
,,,,,,,,,,,,,,,,,,,,,,,,,,,,,,,,,,,,,,,,,,,,,,,,,,,,,,,,,,,,,,,,,,,,,,
1317.015666,165.2529854,46.60325894,50.04192074,20.06994374,254.3694697,24.86948604,8.12733139,50.24751792,45.5366937,976.8598217,110.2519262,16.76572858,15.86561473,8.810259723,532.0953178,52.99841428,9.742404407,21.07057623,12.55661907,1668.755773,209.9194263,34.81173013,67.501262,38.04977781,28.81834709,8.156040104,4.697163002,9.271617769,5.496955316,111.6997767,14.68728838,8.6088069,28.40997572,23.53384558,47.70308697,11.53412501,8.515775841,14.31033003,7.277493489,35.67769413,6.692159281,6.117573313,10.46319884,5.21629602,51.09006819,9.146177078,7.710936127,58.26281922,39.63601839,297.0912559,21.90740823,8.574060771,37.05768341,29.92474821,774.8206365,75.62474904,18.0834852,27.46807199,17.8311285,87.29474715,11.99851521,15.49374852,201.9821768,224.2517237,167.0837724,24.13952962,10.29199208,28.84669346,21.79407556,1
,,,,,,,,,,,,,,,,,,,,,,,,,,,,,,,,,,,,,,,,,,,,,,,,,,,,,,,,,,,,,,,,,,,,,,
190.5841277,35.86875785,19.6259157,31.02812596,16.80597158,73.06001812,10.86908479,10.12896079,52.80157816,40.39192739,152.985766,21.78935513,12.42913464,16.22513059,8.855133984,94.07166814,11.37642333,8.712661886,19.08823343,13.95623672,315.1069641,28.77953412,12.03181802,59.27307926,33.48403655,30.85024986,7.50286979,5.383987427,10.08774073,5.713041543,104.2313356,15.72727597,12.13720542,31.16835869,22.50580091,42.9245854,12.98202322,9.389662695,13.70957663,7.059757709,30.13515148,7.54041686,6.447273043,10.64907466,5.620493801,41.53847452,10.3794774,9.130876736,64.65179718,44.10984105,69.58304678,11.92437686,10.04652633,37.55527387,31.5908937,376.3028729,32.25265872,14.61005987,31.02661429,20.15171559,37.41800653,11.49395314,17.42609026,221.9673894,243.4305148,57.43711345,20.24324863,12.19149315,31.62405758,28.10196148,1
,,,,,,,,,,,,,,,,,,,,,,,,,,,,,,,,,,,,,,,,,,,,,,,,,,,,,,,,,,,,,,,,,,,,,,
968.5579236,112.3148462,53.5556005,56.82877481,18.98702448,222.9622646,15.02109512,8.009584248,46.95585052,42.26440232,313.3694011,45.29359101,9.632354153,14.86307051,10.18356167,147.9213438,21.87408006,6.480667632,18.60765133,13.72825669,303.9558444,17.73631044,9.550245528,54.05632948,36.40829849,27.99576364,7.133933866,4.407204773,9.639812952,5.497758433,81.5380206,12.50900109,9.031140819,28.38581349,23.95661584,35.97128572,13.56097211,9.047859337,14.22715086,7.933093797,24.64873426,7.961937182,5.804097992,10.12594857,5.385205875,37.5539462,9.764674051,7.632174068,70.59438786,40.73858764,90.88333039,15.08988211,6.871414372,41.48110796,34.89703801,450.956301,44.86832832,12.56207579,29.1540747,19.00396341,52.66192423,11.57758777,16.22335532,223.2141207,232.9135779,73.57269339,18.12366662,9.256824769,29.89055601,22.16752643,1
,,,,,,,,,,,,,,,,,,,,,,,,,,,,,,,,,,,,,,,,,,,,,,,,,,,,,,,,,,,,,,,,,,,,,,
2337.032863,141.9519108,50.74132539,59.30912043,19.85231767,96.22316405,18.16037428,10.77242122,57.34631466,43.54866137,280.2360104,60.29751076,15.45635749,17.90879321,7.770134348,177.1730104,31.5796362,10.40735445,20.00472224,13.32524318,329.5032546,34.18724449,15.32089948,69.09407006,35.67509349,23.19445527,6.879510682,5.638886089,10.45826991,6.472608708,59.41929511,12.10343543,10.84009855,32.64812028,23.62517621,30.9095187,10.89463505,13.12054231,15.47066178,7.611838326,22.32322458,8.244226091,7.953842242,11.71405063,5.612198866,35.87634508,11.7365973,9.59026491,71.95299426,48.48089645,127.3038062,19.84776356,9.681999622,36.73544683,37.36483785,426.870737,68.27962223,16.93031092,32.004062,21.82798507,81.05094669,15.68570491,20.02925685,225.2911965,270.4246409,70.65415136,24.31321043,12.05689653,31.60120005,27.68906575,1
,,,,,,,,,,,,,,,,,,,,,,,,,,,,,,,,,,,,,,,,,,,,,,,,,,,,,,,,,,,,,,,,,,,,,,
3758.997164,391.9317501,129.7760305,120.6126053,36.51784166,546.260717,26.82513796,11.98084043,63.5768674,54.28713478,1268.012841,81.27941062,17.27765036,24.37742832,15.17928834,1463.172082,55.78093052,17.47871365,31.20823117,26.53114082,831.8305068,48.36630174,14.6802207,89.37346321,96.31732847,405.3776011,10.83030283,7.257420462,28.97749284,28.39739618,565.2795994,19.27080203,10.79486008,35.50087894,27.23654919,433.3446842,16.60776265,10.83653032,23.62086042,12.29982388,258.7609278,12.49426947,8.078872867,19.87636938,12.33982269,394.4733904,19.91927279,11.91844796,116.4505198,100.618666,1357.860302,39.37891582,12.81701754,52.08369739,49.72941602,1677.26048,103.8400503,21.88297593,46.32270256,26.80219462,519.8526472,36.89866179,23.95400958,291.7509969,317.9707281,578.7558768,32.54271629,13.96739178,48.98100444,38.97153354,1
,,,,,,,,,,,,,,,,,,,,,,,,,,,,,,,,,,,,,,,,,,,,,,,,,,,,,,,,,,,,,,,,,,,,,,
5587.718405,358.8907665,102.3993726,107.5555734,32.99707603,161.9738823,19.13369236,8.132507871,58.51395887,44.33028095,422.8427089,57.82543446,10.28494025,17.59004154,13.15373736,259.0421903,31.79741144,9.386807519,20.79784006,14.87701496,4061.163209,299.1509561,62.3761373,101.0204552,47.52373815,45.94946052,7.554178579,5.21529264,12.66395892,7.146459981,49.36683181,11.13784203,9.070319303,27.97753454,24.14476986,36.99487385,12.90666334,9.650487159,15.17730064,9.170261265,34.76243669,11.75238462,7.158083236,14.64581033,7.59503929,51.95365227,10.38968208,7.870082122,84.5801423,45.224293,176.9487038,20.56163807,9.381902484,50.19667338,46.92634219,1569.771594,125.3947665,29.70064959,41.77919886,25.20035921,66.69789968,13.16824536,13.55526137,301.517245,343.31237,93.9584767,21.68805416,8.145648478,35.94611055,35.30914037,1
,,,,,,,,,,,,,,,,,,,,,,,,,,,,,,,,,,,,,,,,,,,,,,,,,,,,,,,,,,,,,,,,,,,,,,
8288.346011,333.7507158,117.6643986,123.552764,31.42905365,1600.797495,55.69358055,18.48700627,54.65776558,35.75326111,2534.11391,127.3010895,23.98023011,36.10555914,16.53594964,2229.897917,99.10238682,20.13977509,38.58697386,20.09060283,6184.365215,448.8221518,152.848649,188.2520765,55.4278141,988.5683258,20.78140719,10.25653687,28.96361548,14.18623846,956.9563876,26.95971464,12.53966664,42.20354184,24.98999753,890.9506093,28.15373689,19.14111839,48.47632669,21.95703146,616.8986185,18.51760543,12.4746395,34.73338043,16.55319202,1215.51746,29.67891909,22.05715925,97.89087977,55.95288371,2094.632829,62.46165798,23.24102228,61.11634459,41.6048971,2375.344249,125.257026,28.28068879,51.24923694,27.25356438,890.3632771,30.7091658,22.78262644,158.7498907,161.6212936,1359.150503,44.33609111,18.99408577,49.25537475,30.24463931,1
,,,,,,,,,,,,,,,,,,,,,,,,,,,,,,,,,,,,,,,,,,,,,,,,,,,,,,,,,,,,,,,,,,,,,,
1047.613784,129.0148974,43.05482845,49.07715599,15.34260075,150.1549706,17.16036885,6.948054677,27.02735544,16.37855853,266.898744,52.15639535,12.78299614,13.39460039,7.853919971,223.4685602,25.97779857,7.581073607,16.68733921,8.983973811,7629.044218,704.6053689,179.5397105,108.0322946,21.76222437,47.35719683,7.764417862,5.290165115,11.39716252,6.946295456,48.18917452,11.99236213,7.413116483,16.58958226,9.837183199,45.68003711,14.92150032,9.295302701,13.00231989,6.83482345,24.88151836,7.873467492,6.384627796,9.443471631,4.459246493,41.67136101,13.21086153,9.192498734,35.34405002,20.43454627,111.3742698,24.01516054,8.983217672,33.11366297,23.7348796,325.2691423,52.8722261,11.92942659,20.18930485,11.11130145,49.21392795,17.13485852,12.52737558,117.7896602,117.1602839,111.6186956,26.80585226,9.421900789,21.29522619,15.35499475,1
,,,,,,,,,,,,,,,,,,,,,,,,,,,,,,,,,,,,,,,,,,,,,,,,,,,,,,,,,,,,,,,,,,,,,,
1792.909921,195.0118625,49.67285588,63.60028917,26.17560891,229.9673968,18.79904945,9.434627169,65.96289638,68.0699967,339.0379986,59.63321936,13.7321167,17.27500062,9.928774199,280.6746964,30.70612404,8.295799259,21.62561966,14.77044218,5633.154535,626.4809449,141.8830825,120.614805,24.46162102,63.97691849,10.52352502,6.426006552,12.00104775,6.872510065,70.14566119,17.43648768,10.25914648,20.22947027,13.68872828,54.32332413,25.34278531,10.96129317,14.62044191,7.064856838,116.9050509,16.89343106,9.208405849,11.38935004,4.822578211,58.51921705,13.68912953,9.206297366,26.23944225,16.59555915,156.7409124,21.18513657,9.022076441,39.45043688,35.31026952,515.9124435,69.79759659,17.88815933,34.5559048,20.46137146,185.7321694,14.76215202,13.67495072,178.9145763,205.1006049,114.655019,29.22238231,13.48354163,33.69694977,27.46175239,1
,,,,,,,,,,,,,,,,,,,,,,,,,,,,,,,,,,,,,,,,,,,,,,,,,,,,,,,,,,,,,,,,,,,,,,
9752.805141,371.6258979,99.67544585,94.98527092,24.30343261,140.9295686,18.16473147,7.457881234,34.87877561,27.95562615,402.4573443,42.73202077,10.07073027,15.83820568,8.967004529,353.5674592,30.83217688,7.304350945,16.89805802,10.68351619,3134.475686,503.7011588,244.3927786,230.9603457,30.65038376,33.90699787,7.436785787,4.885000537,11.4484346,6.947434735,44.8630949,9.33768001,7.799411405,14.86211445,9.795518705,41.00651407,11.11321372,11.69408736,13.43765544,6.605540936,29.20667595,7.04041275,7.177827024,9.34849185,4.942216636,49.1190915,9.991852777,9.902128814,24.03951336,13.32077104,148.0492644,14.50502124,11.46340091,40.25619931,34.68192988,1231.213519,88.01934561,24.33187321,31.99829694,20.14287658,65.15829084,11.10848724,14.91681714,167.0729521,176.1159565,100.280581,20.23817262,10.62801152,26.74943155,23.24418907,1
,,,,,,,,,,,,,,,,,,,,,,,,,,,,,,,,,,,,,,,,,,,,,,,,,,,,,,,,,,,,,,,,,,,,,,
1416.058828,174.8914817,66.78975722,75.27542189,19.49065287,49.69675728,12.54428051,7.660788891,36.56895082,29.99077124,95.63275688,28.37671595,9.81278619,14.63391417,8.956569633,71.68080818,16.83158079,6.126336554,16.1241427,10.46203634,4847.396452,216.5772983,172.5218076,521.0472713,70.17217333,31.84085391,7.259647095,6.110833744,11.44347587,6.889081554,223.1671224,16.51890233,10.80544722,17.7625945,10.05684389,47.36842948,13.09331225,11.18528203,13.69671271,7.00192399,25.81032515,6.770659266,8.024680488,9.50065334,5.141028255,42.30914918,10.89648916,7.462991602,25.25718823,14.45593006,51.93938488,14.97552201,7.200865931,43.71092291,42.91669186,1093.100698,73.7617119,19.00734761,37.37721955,26.89757541,58.32060475,13.89358888,9.860272263,184.0007579,197.1768476,53.17754615,23.11666095,11.61270508,33.83817087,25.98709322,1
,,,,,,,,,,,,,,,,,,,,,,,,,,,,,,,,,,,,,,,,,,,,,,,,,,,,,,,,,,,,,,,,,,,,,,
7878.370689,498.4069443,151.0356943,130.0321043,30.78058176,114.6621959,15.70855436,6.944625813,35.98320113,27.10062647,337.7709385,42.17159295,10.7348975,15.14588206,9.85207621,347.0196498,28.8980033,8.626501328,20.29173598,11.23074076,4437.715836,373.9496809,287.1455051,335.1349707,36.94547276,41.83118172,7.819152655,5.543571782,11.99013081,6.818332143,88.36578441,12.86408963,8.679646484,17.43146944,10.40412977,47.01025314,11.25331382,11.08453624,15.58398462,6.225641889,35.25983072,6.580419303,7.355437439,10.10178857,4.638074066,53.67704233,9.921833746,6.258235408,25.02453878,15.19783285,205.1923151,19.85348307,9.082194162,50.94837063,47.57086899,1348.883619,101.5083155,20.35551524,42.73330824,29.74513429,137.0911622,13.39325532,11.6594174,192.0523205,220.5138802,116.3755389,21.15396435,10.21804675,35.83125313,27.58052175,1
,,,,,,,,,,,,,,,,,,,,,,,,,,,,,,,,,,,,,,,,,,,,,,,,,,,,,,,,,,,,,,,,,,,,,,
4816.392844,286.3021829,116.6711277,99.31127548,25.87727846,103.1774462,16.70690053,7.785522478,37.53496485,28.70368233,280.3496041,44.29547798,10.42121586,15.88876046,8.508902864,136.4438634,23.8361382,6.751563197,18.5784789,12.80906927,46609.66165,3989.851847,1053.978907,553.4870352,53.02374417,40.99591551,7.605004287,6.478903853,12.10114345,6.335323054,54.15946734,11.82288789,9.702825342,17.83433835,9.765939439,83.18400021,15.67215826,13.57691126,17.41448915,7.036991349,28.6104984,6.989618986,7.732324972,10.29259364,4.868618634,56.66882715,10.15953059,8.303278237,22.94310441,14.25741478,111.9036359,16.35702954,8.297572329,41.05890413,39.76721235,1614.726363,118.3442277,30.54315054,41.31333605,19.53976829,99.57954822,12.01223511,12.44014698,164.8463264,171.5143826,92.00612633,18.2864407,12.02773684,30.9216862,20.47571487,1
,,,,,,,,,,,,,,,,,,,,,,,,,,,,,,,,,,,,,,,,,,,,,,,,,,,,,,,,,,,,,,,,,,,,,,
10856.07452,650.5565291,202.5228252,172.0856731,32.1172619,95.78370572,15.19391775,7.849812262,36.18608001,29.57992428,148.9070475,30.47163978,8.708852925,15.93035112,9.627853634,97.88428602,20.82982297,7.436810166,18.91235656,12.57331298,18209.08,10576.34061,2456.213207,889.3753093,85.09947832,36.24543053,8.865908039,5.690228665,12.84210888,6.624308372,48.0007591,12.83974521,7.171313073,18.0788199,10.68882369,61.00653839,19.06589771,10.82101177,16.28182777,7.25957326,29.90652124,8.894578751,7.4276993,10.77714152,5.202954574,42.13250005,9.767357803,6.675867466,25.50244546,16.36741238,93.39850438,14.32552401,7.944925403,47.25493991,42.3758929,1741.984546,183.8070645,38.60327374,53.11252486,29.18309779,60.71090659,10.96625363,10.66396064,180.3189486,212.983634,67.49949058,19.18688392,10.13501612,34.08637652,27.07113914,1
,,,,,,,,,,,,,,,,,,,,,,,,,,,,,,,,,,,,,,,,,,,,,,,,,,,,,,,,,,,,,,,,,,,,,,
114.1597007,49.35877172,37.63508229,55.44756843,21.95042693,75.79071055,11.59855468,6.646328746,37.71800059,28.13556922,166.8644841,21.53260417,8.841928277,16.6327806,11.15171365,143.6995036,15.05421774,6.807362596,18.29628284,10.86713413,6618.309433,26364.77135,5528.248141,1548.702892,166.4550152,28.02339963,7.51912805,6.141959478,11.49442012,6.272804856,39.87632691,13.11574238,9.114639936,15.12930716,10.67343333,33.76495632,17.91647377,9.566014215,12.46028403,7.15647579,22.08339051,8.335288226,7.015924405,8.875443574,4.952643619,36.9813309,10.31794342,7.327319237,23.82611715,16.41677732,98.45302415,16.50077282,8.910057388,52.65285581,45.42650432,1576.147438,235.8038376,43.68131708,55.27837065,31.87606683,72.94257305,10.68322409,11.23541947,191.3775962,218.4476006,67.41968022,18.60702804,9.377372019,32.82919151,29.45439842,1
,,,,,,,,,,,,,,,,,,,,,,,,,,,,,,,,,,,,,,,,,,,,,,,,,,,,,,,,,,,,,,,,,,,,,,
6301.749323,434.609908,190.0981971,161.9879839,42.07704191,158.6201798,18.30912805,8.806307571,43.25076675,36.08658469,384.8762546,37.06318467,10.69159429,17.74053549,9.527504937,335.6372789,27.74304725,8.033433125,18.42492487,13.05007509,3774.89654,5220.771816,1783.224629,2722.388778,127.9943809,33.99733738,9.305852719,7.76418036,12.10798542,6.670624382,44.9418769,13.27152953,9.671044292,17.19439689,10.845885,55.1443723,13.61727437,11.89806665,14.28263839,6.498806355,34.5536623,7.909103243,7.881419418,9.121198779,4.54445454,69.23475418,12.5028756,8.264920816,28.06681074,15.1889818,255.6044872,20.76267966,9.438812333,52.4968553,49.28859055,1700.756673,268.3316663,47.04243099,61.82268627,34.30327657,103.9772877,15.45300695,15.02729346,234.6243216,245.2322943,115.540161,21.58747933,11.14504354,42.48793171,32.40888416,1
,,,,,,,,,,,,,,,,,,,,,,,,,,,,,,,,,,,,,,,,,,,,,,,,,,,,,,,,,,,,,,,,,,,,,,
1804.873907,226.836218,99.78491438,93.58294511,27.76059085,108.4551197,13.6979183,8.874623721,48.77791521,36.63639122,129.197953,18.74896644,9.300568489,16.40190757,10.08570416,83.17512994,11.8492929,6.737940297,19.26141809,11.68498957,9253.356844,5186.83947,8396.51402,1465.773195,119.614869,33.08880466,8.879574479,5.39223739,11.47594625,6.193676175,37.22211156,15.48143756,10.33452203,17.38088568,10.8149476,41.0076036,17.62427328,11.02826747,12.86696828,6.867476215,26.73086098,8.850739028,6.465466437,8.546448564,5.155102877,42.91488237,11.4855421,7.68804926,25.88863109,16.51452413,64.26192564,13.36904784,8.975203539,46.61716556,41.8921841,1535.210886,185.5127567,38.43886447,51.99816622,24.33041083,56.00045273,12.73701321,15.11489846,199.8025699,226.3119312,64.29617019,19.30867493,12.29399742,35.80028013,27.80518213,1
,,,,,,,,,,,,,,,,,,,,,,,,,,,,,,,,,,,,,,,,,,,,,,,,,,,,,,,,,,,,,,,,,,,,,,
226.9050046,38.87947343,19.2391045,35.80748066,13.29449613,813.0816609,35.37768485,15.47001388,31.53582254,16.04254621,1522.946784,76.36678539,27.89335053,36.658962,15.11747777,625.1767915,41.99283731,17.05407586,29.54240937,13.11624037,165.2496153,12.69399854,11.1515031,44.85704661,29.24044774,49.49079962,13.49232431,12.11789922,21.02517699,15.70154528,205.8246998,17.04733319,13.91873112,27.06627099,15.90530579,107.655485,15.5501286,17.58379725,40.59672573,25.178221,284.6428016,22.68149406,22.19530104,47.97493778,23.8734026,242.5248583,18.2078827,29.49098754,69.36108863,29.32267266,471.5499816,42.58045285,26.35184036,37.34893209,16.51250487,305.3115116,48.41316912,22.9066872,34.42327903,14.74481519,128.9674324,15.44548245,14.82943845,28.46904602,17.28948432,198.5409644,40.89118869,24.20996998,38.97146309,15.33068595,2
,,,,,,,,,,,,,,,,,,,,,,,,,,,,,,,,,,,,,,,,,,,,,,,,,,,,,,,,,,,,,,,,,,,,,,
265.1440208,42.78589554,15.00804029,30.99489391,12.59985825,923.5834258,32.51779699,12.2306645,27.50254066,15.10671311,807.5691602,91.92110631,21.43597042,36.07251587,14.96056583,699.7862277,52.47674886,14.0183232,26.7543477,11.73178995,455.1416598,22.89514192,9.68059677,61.00003427,38.9917367,108.0892934,16.72913382,9.105330208,22.27419994,16.86189571,629.721899,35.29011715,13.84512014,26.61790492,17.04324476,127.0667737,13.11514956,15.41387409,38.19101014,24.58562461,5050.923377,386.3324789,137.5578352,164.2439038,38.17985505,307.0961145,24.05542914,20.04725368,81.79329284,46.39503333,3918.637468,65.67385483,18.28112217,37.68205673,16.65879399,304.8089739,48.74743039,16.24572068,30.507975,13.49435432,324.7441744,68.32429728,19.58033425,26.38016747,19.34424864,206.0974747,40.58591705,16.93178227,32.64800039,14.72185408,2
,,,,,,,,,,,,,,,,,,,,,,,,,,,,,,,,,,,,,,,,,,,,,,,,,,,,,,,,,,,,,,,,,,,,,,
397.0522705,38.49306773,17.5385216,34.8205536,16.50844938,981.1358099,26.5045382,12.72620054,31.29752833,19.2957756,617.2952682,59.11562343,21.15873704,35.93243735,16.46684711,737.6914154,38.99042017,14.6074006,29.23553356,15.11203847,335.172374,16.09764844,10.08974473,47.97700718,30.78944059,220.5497458,19.16018606,11.85218487,27.37770212,18.3093315,299.9838492,15.7847115,10.42035205,26.35390623,20.42755185,315.2774916,22.30840021,17.19599713,50.3328716,30.02078781,384.4948993,33.31480326,21.40251806,53.61157027,27.61698016,321.1469207,18.21550952,20.41372745,88.36731727,48.34748773,451.4656954,43.63889459,23.51433324,44.88686542,20.83973993,419.9785295,44.27420399,20.23677909,36.96701797,16.56474843,359.7555504,20.78247772,14.68047756,35.10879646,24.91535881,417.3230686,43.55081153,20.3355394,38.70019296,18.45547059,2
,,,,,,,,,,,,,,,,,,,,,,,,,,,,,,,,,,,,,,,,,,,,,,,,,,,,,,,,,,,,,,,,,,,,,,
276.7330938,55.2619795,26.33320487,37.09601361,20.21500513,176.6727408,17.98600115,10.47125339,36.3341028,29.09677793,408.082927,49.94065908,18.88457792,30.28817332,18.12900892,423.6277938,28.41262276,12.00144465,24.59109181,17.85657983,62.01308906,8.885965039,6.271539302,43.50797165,33.20377232,73.65371619,14.75481787,9.421445804,26.13375865,17.38427985,48.83130761,7.61890571,6.265544862,21.63890333,21.05631424,81.28700885,8.920117112,10.1158318,39.33971135,28.27902732,3436.160664,197.3938484,72.20044069,87.94602732,34.29443145,68.61751056,9.697097777,14.16145901,75.08844545,44.40781445,1451.262193,79.23434825,20.45035169,37.29606842,20.65000177,1212.090518,152.6206381,33.47171948,30.52654447,16.88237527,5177.889086,557.2943995,53.67150527,52.55012167,19.11912424,153.1180635,26.57377249,16.19702909,30.24191455,18.36111783,2
,,,,,,,,,,,,,,,,,,,,,,,,,,,,,,,,,,,,,,,,,,,,,,,,,,,,,,,,,,,,,,,,,,,,,,
67.89367367,23.85575792,10.66523641,28.99346408,13.87091886,56.83995037,11.63589619,7.651036062,32.51561721,24.36535972,115.3843724,27.16226168,8.595325003,31.26167041,14.91859887,318.5898407,19.08184249,7.874728176,24.08964289,13.55884936,34.30981369,7.703350433,5.96868345,41.29014813,23.85766575,48.82077109,16.51850692,10.30281141,27.52149824,14.05533965,34.02146314,7.926950134,5.502201135,21.01023262,17.755413,68.24300675,11.4207519,8.98995039,35.44001541,23.32134912,203.0823494,24.19689757,11.74447077,39.38805135,23.15317521,54.62637672,10.54321773,8.794036752,69.94064891,42.31615027,312.3852781,35.35157113,11.34351872,36.87038705,17.3414947,148.5002565,30.45023818,9.475277186,29.13757438,14.4786409,165.3504488,15.98705223,6.210601586,25.79183805,16.39210208,115.9783507,28.63886098,10.18271272,31.49901513,14.23407003,2
,,,,,,,,,,,,,,,,,,,,,,,,,,,,,,,,,,,,,,,,,,,,,,,,,,,,,,,,,,,,,,,,,,,,,,
121.7985749,30.87389268,12.63698742,27.83787499,15.17714079,117.5499674,16.66261356,8.932750328,29.09399778,20.81224003,292.9102544,59.46706779,15.84612977,30.61544217,16.34435571,344.3916283,28.65481701,10.31570817,23.46032285,15.117007,56.21987791,7.656844174,6.781781312,34.80727773,26.58555689,53.18897726,18.14175773,10.45746683,24.43266128,15.20277881,48.0789208,8.365297217,5.921736313,17.53858302,18.32998051,71.68673258,13.32069281,10.49871517,32.87274939,24.81545378,114.2255895,13.92267978,10.23081947,31.71345853,23.60087705,53.76108931,11.85968833,10.72493591,68.70546747,39.59967358,242.8716706,35.00851033,15.21128797,38.6177498,20.26849864,177.5283886,37.78745718,15.09490345,29.62495475,15.70818345,88.88692853,16.19660417,9.204415191,27.05575192,16.55460603,124.290716,30.09379971,15.75878328,28.9740991,16.12275821,2
,,,,,,,,,,,,,,,,,,,,,,,,,,,,,,,,,,,,,,,,,,,,,,,,,,,,,,,,,,,,,,,,,,,,,,
127.0564351,18.65977653,13.10298776,26.68501063,13.86911113,115.2887627,12.33407111,9.632532323,23.44466516,14.40495655,736.3320162,53.8270873,17.50926986,30.18056989,15.91057655,410.0141053,25.11767592,9.960667663,22.13617239,12.4378408,68.48764995,7.904229322,6.812791773,32.15249614,23.20873037,81.3765865,16.47099803,9.469294836,27.48577053,15.10988595,33.78596619,6.43021213,6.362879023,18.88871045,17.61982486,99.7879946,10.73559196,9.440819236,35.10923799,22.92157235,308.2415802,26.05058817,10.17317723,37.36652356,20.72604254,69.64957248,8.380736955,9.984683518,68.12750809,40.27804163,343.9559139,27.11784672,14.72156975,35.45020916,17.54778242,201.702142,22.90009743,12.43233412,29.5517838,14.84688811,135.074594,11.72932859,9.451564115,26.50855523,15.43940893,127.8577011,21.09332798,13.54122525,30.00962999,14.92014806,2
,,,,,,,,,,,,,,,,,,,,,,,,,,,,,,,,,,,,,,,,,,,,,,,,,,,,,,,,,,,,,,,,,,,,,,
84.492194,28.85099369,13.78447031,24.84886989,12.24027529,106.415426,15.67612746,8.984833247,22.52465404,13.38377529,340.8703877,45.64983783,15.37486459,28.32319446,14.65475294,404.2076978,29.18689287,10.42142589,22.32015064,13.35718735,36.11053686,8.112570145,6.008933857,32.60463636,20.55319504,52.86207114,17.02098874,9.638296757,24.25931413,14.06333995,43.40017757,7.534693229,5.98374501,17.13597674,16.94023051,123.6089014,11.63423291,11.38806306,35.48939294,23.2491693,83.15269533,11.58318614,12.00420377,33.87567052,21.745853,66.26651653,9.14579047,14.04568848,67.45299382,37.72429718,359.5814538,37.06266777,18.4053389,36.44546721,17.35800197,181.5066919,35.13268834,16.15917289,28.58004554,13.91001371,1494.489894,43.97654185,18.59098226,35.09898528,15.25546734,127.2494405,30.76559705,17.78450306,28.70867585,13.63575983,2
,,,,,,,,,,,,,,,,,,,,,,,,,,,,,,,,,,,,,,,,,,,,,,,,,,,,,,,,,,,,,,,,,,,,,,
112.5349697,30.2683532,12.23424765,24.34312497,12.10837431,90.46990987,16.46275834,8.252803597,22.31714345,11.70021293,442.1774889,66.26192649,17.51211253,27.41810303,13.89045601,398.5903867,33.19622553,10.88732237,22.60753639,12.40216123,26.93378435,8.365776643,6.694734359,33.87021344,20.30205632,47.24098764,15.21696941,10.79385801,23.32248725,14.38954347,28.08741959,8.816455811,5.821966599,16.33420658,17.6929606,93.33033349,13.48344119,13.01978879,36.92607369,23.05811816,115.2195503,12.48319705,12.46436032,36.13196277,20.41193176,61.89485136,11.935573,14.10135903,70.66678308,40.88142451,408.0782067,54.98810281,19.91563194,37.14931784,16.55392174,312.6984467,53.53624572,17.55666985,28.71621761,13.2281883,145.8417105,22.71125503,12.2241229,27.52456146,14.14067651,171.804632,37.40921833,16.14880818,28.08215409,13.10697622,2
,,,,,,,,,,,,,,,,,,,,,,,,,,,,,,,,,,,,,,,,,,,,,,,,,,,,,,,,,,,,,,,,,,,,,,
113.231524,37.05157572,14.19470872,28.29485251,14.48137393,101.9862459,17.57080328,9.934954619,24.10219065,14.75683502,393.599148,66.46922063,17.25810955,32.86866345,17.27592468,360.4457675,34.55013289,12.43433088,25.43299334,14.86262983,33.6372189,8.203862904,7.134889997,35.516227,23.18017158,47.41930641,11.83599548,11.24000395,24.93964828,14.64654086,32.20078145,10.33486555,7.360496753,18.98434974,19.42746383,57.78815429,15.24680971,15.64500141,38.87722565,23.74426287,290.7513939,25.57644364,20.26965531,41.12042437,21.41489511,46.19362366,13.72336419,18.50511463,76.51267243,38.0084215,296.007818,47.16684888,23.57340312,43.01418695,18.96751708,233.7122077,52.46872812,17.91435895,32.62080829,15.55674836,137.187765,26.0137604,14.89947566,33.27496292,16.12242745,137.6974507,44.46780136,18.47826961,31.50334747,15.82682484,2
,,,,,,,,,,,,,,,,,,,,,,,,,,,,,,,,,,,,,,,,,,,,,,,,,,,,,,,,,,,,,,,,,,,,,,
1632.085499,41.50919382,17.59434796,40.88589355,15.88590594,1564.084097,29.9945045,14.61623545,44.62158644,26.05673878,1688.688312,81.76706805,21.84968697,41.11564493,16.83546152,1736.671627,44.84149911,16.14304655,33.93869174,15.98889683,1293.446636,11.9516057,11.05140776,44.65890295,29.99214486,1071.729392,20.82337521,14.04121605,30.76473873,17.56193285,843.6472168,13.32021331,11.18431724,28.34285039,20.81320028,1665.703184,19.87367304,24.05385592,53.53650279,24.13430594,1038.661474,17.23845282,24.70072382,51.5770791,23.2433265,1352.065684,20.77411603,28.35770292,97.21557325,47.41228049,4170.785302,94.02759502,32.72518722,65.37960865,20.21975365,1209.781197,65.90523236,22.88670435,42.03346658,16.14176247,1304.124069,34.25401269,20.02414328,44.43267735,18.93905227,1529.664308,51.53693799,22.68563633,44.16882999,17.47710073,2
,,,,,,,,,,,,,,,,,,,,,,,,,,,,,,,,,,,,,,,,,,,,,,,,,,,,,,,,,,,,,,,,,,,,,,
82.24985218,26.25218903,9.962216351,19.38356213,9.354643453,86.07891964,14.07275613,7.531695664,17.06147962,9.476813855,237.4281765,39.63346458,11.73859465,20.58046447,10.91711826,357.9377988,22.92607517,7.06403715,15.74380924,10.10514869,28.86650049,7.449119996,5.911350367,21.02507544,14.27650844,35.71228206,10.90062608,7.359555443,20.13814881,12.55179323,36.01832258,8.362683993,4.58312015,13.3476311,15.41902451,78.60292759,10.41233507,8.243468618,17.11451582,9.896688564,86.40798294,11.04577064,7.288791453,19.34123568,10.37370151,71.37497026,12.00827254,9.514431302,58.73521956,34.25252891,363.0882436,37.96822588,13.89602577,24.60218296,11.65804108,233.1199572,35.44677615,12.69142714,20.30117139,10.55219647,224.8110357,23.06048682,10.08182111,20.74894389,10.18271015,147.7848556,28.24590609,12.55478952,20.78591083,10.97162195,2
,,,,,,,,,,,,,,,,,,,,,,,,,,,,,,,,,,,,,,,,,,,,,,,,,,,,,,,,,,,,,,,,,,,,,,
1292.494065,48.75916467,21.53859836,38.12113948,15.40520056,1238.124424,33.04206814,18.14171774,33.59007009,16.79578522,2777.554626,88.0753858,28.53596245,39.1841493,16.06459102,2722.371796,66.08052661,20.08013018,32.47131172,14.91081828,951.9798411,23.49150858,12.67342164,29.83500946,17.59294095,713.8183517,28.24423433,17.36229272,31.68598012,15.42898022,557.2749239,23.31629541,16.20289843,29.43140329,17.37641453,857.3289798,39.52364136,33.15935084,56.87118795,22.80815111,643.0338907,42.83677616,30.90568764,57.60504992,24.59137407,623.79702,36.66714003,29.13073918,102.7836404,46.27757594,1334.61738,97.73483744,29.81402201,47.86375306,17.94660351,1116.374484,69.72916159,24.01290618,40.48353481,15.39269627,747.5465207,55.00032076,24.67866775,44.79601316,17.79143545,977.6023447,59.20473015,24.80450655,43.74453491,15.98782306,2
,,,,,,,,,,,,,,,,,,,,,,,,,,,,,,,,,,,,,,,,,,,,,,,,,,,,,,,,,,,,,,,,,,,,,,
83.54106972,18.10756947,9.903275117,20.50554004,12.80360509,64.84104114,12.41621812,6.434051088,19.19610471,12.27936739,114.9269148,21.62502496,8.990314649,22.31908706,14.48455616,383.8270038,23.10977173,7.325805659,16.31037687,12.65953208,29.55589226,7.050352928,4.962644291,15.85128987,9.943081845,42.15602417,13.39179771,7.320971528,19.53727414,12.58258719,36.38411036,7.665083646,4.648876348,15.00539774,13.00248021,113.1899045,14.37994903,9.813216767,25.96510967,16.96747493,82.4535509,11.68091606,6.600556451,22.13054615,15.50583336,75.36427754,10.29514409,7.141570535,51.60755556,37.55974029,499.7579605,41.41667419,14.11351542,28.47427773,18.261739,225.6025904,29.67876119,11.8055892,22.49966943,13.60735591,198.2642975,24.10349898,9.638628472,22.3243198,14.36977102,159.6388561,26.01556677,11.43558674,22.70835814,13.13198391,2
,,,,,,,,,,,,,,,,,,,,,,,,,,,,,,,,,,,,,,,,,,,,,,,,,,,,,,,,,,,,,,,,,,,,,,
96.1151392,19.86211602,8.830457436,23.8963886,15.773217,74.59156618,11.80579375,5.536285578,22.76475156,14.97697676,201.1809691,25.58130693,8.212370644,24.02826462,16.49879788,364.8227566,19.25569606,5.852873632,20.66253581,15.50793973,25.3089264,7.272478222,4.146144519,16.10925712,12.17783618,27.83368588,10.03265642,7.535194357,20.71325825,14.12566375,41.46670045,8.200680071,4.700749202,15.50583859,15.03891172,78.89687432,16.13950627,9.479669807,27.96735885,18.06799316,80.36183743,12.16514854,6.996204552,23.83733497,18.31457591,76.39506401,10.89444048,7.103428181,52.57291027,38.02827172,492.8508512,40.9006306,15.10435113,29.02567542,17.9222671,302.8336389,31.62457952,10.87758364,25.40233983,16.13773181,222.7185467,22.86536599,9.552738552,24.04690352,16.02745818,191.502975,26.40195741,10.61460168,26.48551772,16.85066704,2
,,,,,,,,,,,,,,,,,,,,,,,,,,,,,,,,,,,,,,,,,,,,,,,,,,,,,,,,,,,,,,,,,,,,,,
112.5317075,23.31598995,9.457877713,26.38646718,16.76739707,102.2309417,12.40750047,6.462990294,24.57893269,16.66308674,297.4197415,37.69435852,9.08475274,26.73296316,18.56202693,402.9656758,26.36921912,7.596756292,22.5750318,16.92584895,27.74900196,6.977070739,4.023683612,18.56966594,11.7450887,32.90240638,11.53285824,6.496532018,22.11363676,15.03810011,30.61844199,8.387506204,4.629572306,18.4933139,15.47003064,89.7045284,13.24656441,8.934973199,28.9833228,19.82825418,115.971467,11.974008,7.066650046,25.86247622,17.95290145,79.49948458,11.48823606,7.416295585,53.07407132,38.03520791,495.8438236,46.47152168,15.18388635,35.49388422,21.64778769,305.4331296,38.25748222,12.03732579,28.91500291,17.89130669,409.1497294,64.4800514,28.70337672,50.00013182,19.75855963,179.965168,31.24538163,12.08175458,27.32741405,18.20397018,2
,,,,,,,,,,,,,,,,,,,,,,,,,,,,,,,,,,,,,,,,,,,,,,,,,,,,,,,,,,,,,,,,,,,,,,
61.89303151,24.94640217,8.768697102,28.82476256,16.68009855,79.15069281,15.71898136,6.571549152,27.75904641,16.48144855,72.74980069,22.38440477,9.114169877,28.65483614,17.52351087,322.0935041,29.75733195,7.248563608,24.90659698,16.18201002,30.01880089,8.148551041,4.411687041,21.23107879,13.17047968,40.62018421,12.13277044,6.635055316,22.98441487,13.24106547,30.19856677,9.494449194,5.081071464,19.66972057,14.84147494,73.60459808,14.06480312,9.858691298,34.1516601,21.00959952,78.78050731,12.81029651,8.198744275,30.11364055,20.41166609,57.51423198,12.25651577,7.893130025,59.39622149,44.46986478,315.9442477,43.04942648,17.01601647,37.82544178,20.60203427,141.9768023,32.07807375,11.9445201,30.50360423,16.54886978,9518.813879,843.6001001,547.4672616,677.1298738,185.3439142,99.71966723,31.06348297,10.95826045,30.15115509,18.01925003,2
,,,,,,,,,,,,,,,,,,,,,,,,,,,,,,,,,,,,,,,,,,,,,,,,,,,,,,,,,,,,,,,,,,,,,,
88.02993067,21.60800069,10.71352797,27.06279589,16.12156663,83.00119766,14.55408917,7.405221593,25.61733754,15.41498913,222.7595915,34.02857071,10.9014699,27.97189106,17.601309,338.4408486,28.95423491,7.489129611,23.44225968,16.1806783,25.8403938,8.004667534,5.376281562,19.5596457,12.01420005,35.35865886,9.400733815,7.433378818,24.77143739,14.49452384,26.57142641,7.765716758,5.909871697,20.57095663,14.7034108,93.35224703,15.8460928,15.82324042,42.6068423,22.97390783,77.00979861,12.5857592,10.21291525,31.79504666,18.75204396,43.34695215,11.85321827,10.0668447,65.0275233,35.67743025,328.4485061,38.81848811,15.26344649,35.39770477,19.3492237,178.0377059,31.69013147,12.42795485,27.53507029,16.18833168,34500.39544,1022.226731,301.7122411,127.6409307,32.69418576,97.91707992,29.12404471,13.1396464,29.17210312,16.60895635,2
,,,,,,,,,,,,,,,,,,,,,,,,,,,,,,,,,,,,,,,,,,,,,,,,,,,,,,,,,,,,,,,,,,,,,,
502.2834669,40.71696475,13.25313927,29.91203665,19.62258686,595.4075473,34.29764199,12.33734629,60.94647349,55.7122407,1243.348463,92.110769,15.71821374,28.10450867,17.33830323,703.6195854,55.10002358,14.05541716,26.70022031,20.09707543,461.0048296,11.5806504,7.324729558,26.78552617,18.50439826,317.0423685,13.56063093,7.56414311,26.34192599,14.44143788,262.5647939,10.14815981,6.842356454,20.11144655,15.98200109,457.7408247,16.8105304,12.5091035,34.03964228,23.9870446,485.7339879,16.69693292,11.0655946,30.21814171,20.84736932,748.0914545,12.26324678,12.24571466,50.70060737,34.1281995,5159.994688,48.23430515,19.32071241,35.20505848,20.73229493,905.5150139,48.63121501,13.0408911,28.13952424,17.14423958,425.5489931,28.05427435,19.37750776,41.59984899,38.50578092,669.1160701,38.34753316,12.60621275,33.10929986,25.42968124,2
,,,,,,,,,,,,,,,,,,,,,,,,,,,,,,,,,,,,,,,,,,,,,,,,,,,,,,,,,,,,,,,,,,,,,,
92.71103042,22.8018915,11.83098097,20.08174652,11.78229877,106.272527,14.72494453,7.347397661,32.69155113,30.73967505,170.0519977,28.55595979,9.913482115,21.28147274,15.53490545,406.1273014,24.65792989,6.636239954,19.91010884,12.97706211,29.85210091,7.526218218,4.591318606,15.37050751,10.95353949,36.84227757,10.22800417,7.484282205,20.41545187,11.6741425,32.20267604,8.657133192,6.185894371,17.03441885,12.49068024,93.59714362,17.54810608,10.85563408,26.17082878,14.38556352,96.17937912,11.90274625,7.751891056,20.27742813,12.08346392,76.99931621,9.95410712,6.764369442,37.03489577,22.5659737,420.1495909,36.24981154,14.27536772,28.41471201,13.2541429,209.3060023,29.23316344,14.1870041,20.19260829,10.10949777,217.0191874,20.51800264,10.27245004,20.89876872,11.00327357,142.4061192,27.72570268,15.35911546,19.67960097,10.55052119,2
,,,,,,,,,,,,,,,,,,,,,,,,,,,,,,,,,,,,,,,,,,,,,,,,,,,,,,,,,,,,,,,,,,,,,,
97.37125204,22.04122377,9.643021967,20.01273728,10.72469399,124.9102038,15.03556532,7.574370697,34.24790604,23.75470552,135.4820904,26.24756853,9.559091704,22.474603,13.08496916,342.7371379,25.50554899,7.01667345,19.37321032,13.36185085,37.3891992,7.740255414,4.96266145,12.34645947,7.981321648,46.53373025,10.2070848,5.925328774,18.02651039,11.46198775,51.36633764,7.740405864,5.497167861,14.83046138,12.92584549,111.7267817,11.23441866,9.576020468,21.63350506,13.86210977,129.6577365,10.19841378,7.10089974,19.3217018,12.325519,107.4488983,10.68136617,6.891003567,29.33307805,16.92213223,554.7469966,51.49647031,15.20859091,29.09948858,13.41952513,260.9189795,35.46785874,11.85953537,22.1346285,10.0677223,245.7921608,24.64749999,9.907129818,22.48845662,10.66402985,178.9932333,26.8626566,11.62118281,21.98340367,11.07532702,2
,,,,,,,,,,,,,,,,,,,,,,,,,,,,,,,,,,,,,,,,,,,,,,,,,,,,,,,,,,,,,,,,,,,,,,
124.6419422,24.81711757,11.56499457,26.35240814,19.30320642,115.7870866,13.73471428,8.429299409,47.95229276,37.51769486,247.4611322,38.42448017,13.0548166,28.31469196,18.88910871,400.7747337,27.40963984,7.616615418,25.78385755,19.64893849,30.98127925,7.823433453,5.20508137,18.55532973,13.82367935,40.60048865,10.55419506,6.549418831,22.84434932,15.39526178,36.08143204,8.459488124,5.03257898,19.82580826,16.75090361,182.7654848,13.03943041,11.02653153,32.47195055,21.24261025,112.4843431,9.773170123,8.471244311,28.18020907,20.20641324,83.39453934,11.05967355,8.575047595,39.35068187,27.85811041,433.5062377,36.62234806,14.71220164,30.97232046,20.54298115,222.5089087,35.11161252,13.44018111,26.47776055,18.10026369,168.4258847,20.69590265,10.94536605,26.04373349,18.97760966,130.5819274,28.04433832,13.49273329,27.77004415,18.89972262,2
,,,,,,,,,,,,,,,,,,,,,,,,,,,,,,,,,,,,,,,,,,,,,,,,,,,,,,,,,,,,,,,,,,,,,,
87.08426083,22.35455196,9.766479444,24.11627114,17.4179999,79.51858887,11.76062442,6.929672326,30.80803934,25.769901,123.4758351,19.34851819,8.299129891,26.70715048,18.35713919,424.3181873,20.30191928,6.381513688,23.78623576,18.01052942,23.44057817,5.489029484,4.530726937,15.21298647,11.0488969,31.38488773,9.744411881,5.735869504,21.28063296,15.45799888,29.57653811,7.732715422,4.995341803,17.8905181,15.33180134,122.9572919,16.27443281,12.07259047,31.72771755,22.70058708,80.18013017,10.18227054,6.428667911,23.42756424,16.61794898,84.52727133,9.909077443,7.51640791,38.3260853,24.33524999,515.8094974,35.94482601,16.44423407,33.32964288,19.06748403,229.3626666,27.17207614,11.94427683,24.67031992,15.35187212,214.8495265,22.41973813,11.11581456,26.20313043,16.85661575,153.4942692,25.87615273,12.47125648,25.41478445,16.63770949,2
,,,,,,,,,,,,,,,,,,,,,,,,,,,,,,,,,,,,,,,,,,,,,,,,,,,,,,,,,,,,,,,,,,,,,,
77.14898706,22.98372778,10.80334044,28.52799502,15.39739308,70.62274473,12.68795915,5.95717547,27.48865431,17.52480412,143.1954672,24.15939356,10.08074028,29.88364873,17.76776002,343.4854393,22.17413305,5.827973225,25.09142502,16.13517721,24.10099394,6.232539255,3.501325789,15.55319602,10.01190797,34.36943791,8.492912084,6.359272919,22.81613271,13.93261127,33.09322265,8.370285855,5.755013406,20.23787878,14.10527062,81.56188757,15.46694073,9.649804697,29.43240451,18.18858286,80.44190646,10.2164453,6.962665134,25.57517282,17.04930068,77.92290536,11.75600684,7.703022117,35.50239163,23.37033807,469.7320477,46.08011954,18.70834187,33.4255741,19.38663621,248.1383405,34.40105125,13.94751961,28.02323067,14.65139671,206.3290594,24.6884194,12.56332088,27.70867162,16.35822052,148.5004996,31.08489122,14.5534313,29.34961412,16.72527236,2
,,,,,,,,,,,,,,,,,,,,,,,,,,,,,,,,,,,,,,,,,,,,,,,,,,,,,,,,,,,,,,,,,,,,,,
101.1545661,30.2400791,10.27060811,27.11570121,15.79585317,94.94086371,17.02256182,7.70421432,25.92980396,18.14934774,207.5534386,40.57834708,11.80927329,29.74959625,19.61868592,412.4861942,29.69686142,8.675840113,23.91075745,17.78970852,29.79306685,6.945612043,4.902836703,15.43503073,10.54573116,31.29613383,8.437766909,5.939287261,22.67039486,14.76409302,31.19774769,8.059994846,4.756965983,19.10707428,14.82225027,89.20051753,11.80153834,8.843905807,30.18221755,19.11720364,69.90157552,8.98643384,7.441174469,25.94681657,17.40806085,73.0040844,10.97358963,7.696619056,36.96035805,23.60270067,425.4403422,49.95850308,17.03986147,37.9261008,19.17231148,219.6102629,44.44193215,14.61472264,30.06445208,15.29576021,180.3646868,24.38338163,10.58584163,27.48024552,17.07160881,129.4698626,35.92429424,13.39241253,29.2010039,15.96824661,2
,,,,,,,,,,,,,,,,,,,,,,,,,,,,,,,,,,,,,,,,,,,,,,,,,,,,,,,,,,,,,,,,,,,,,,
917.3012176,33.42584412,13.72990462,34.88792432,26.00210867,1113.28893,24.82209194,11.87129434,81.02092604,72.75536364,889.879692,68.58756484,14.24626091,33.04902585,21.58528063,1000.303131,41.57072917,10.57008827,30.21032603,20.28703601,1338.975107,15.51655681,6.170653946,20.89675434,16.03189815,767.9979894,11.97505043,6.988439548,25.70617226,14.2788018,446.7421868,10.46999829,7.326497297,23.86195057,16.35493956,797.3047861,15.99500886,11.99217783,37.05215053,21.72338751,489.9124701,13.11368037,10.09775972,31.68831319,20.56584783,913.5203252,15.25801512,8.877507433,41.43517713,23.81875866,1109.128126,56.19900408,16.52623866,39.03646902,22.76190769,868.8790275,51.58826227,14.75734853,31.39611686,18.96770271,829.7454571,32.03548937,11.00687008,55.69968917,41.41856582,961.2543476,37.23066498,15.14403679,34.90785805,20.38483921,2
,,,,,,,,,,,,,,,,,,,,,,,,,,,,,,,,,,,,,,,,,,,,,,,,,,,,,,,,,,,,,,,,,,,,,,
73.24554746,18.04868142,10.22050233,20.25082653,11.61196425,86.42550811,12.46374869,7.502999645,28.66255531,19.81649427,101.2778453,18.73234913,8.447323534,22.62439202,15.82131532,327.880681,22.12521983,7.37361806,18.92667512,14.09765634,23.85639722,6.984401795,4.977587616,11.64078588,7.634152773,29.45696475,8.763246542,6.182963673,17.62675475,12.52837082,22.23482317,7.327092113,4.799164171,15.25091028,13.07830588,90.57744808,10.77636446,8.480267065,20.92996962,13.14646244,48.32767202,7.96927641,6.313241593,18.22211823,12.30433316,54.07773385,8.859815152,6.421932885,21.83173308,13.80649153,313.1984151,33.45113769,13.55953924,28.93017,15.1436991,158.8048705,23.84416524,10.62011859,22.25933888,11.73784317,159.1111026,18.31037299,10.06853049,21.21631047,12.56403096,106.0268725,19.58409459,11.04898449,20.38551879,11.7996173,2
,,,,,,,,,,,,,,,,,,,,,,,,,,,,,,,,,,,,,,,,,,,,,,,,,,,,,,,,,,,,,,,,,,,,,,
120.9998532,25.94738646,10.66069125,18.7486697,10.62938427,114.8589883,15.8352529,6.487141612,21.894182,11.49296234,421.9544195,47.19741543,10.69996603,21.37357194,13.03040794,382.7161952,26.93388883,8.144936585,18.61722331,11.45660129,25.74245705,8.095438252,4.994709228,12.91772735,7.45371984,30.74592628,8.640438507,6.251147675,19.04206308,11.71024496,26.13768376,8.484942438,5.749963592,15.10212146,12.01525656,122.282278,17.33298406,8.890826784,22.76320364,12.54815895,66.25326429,7.737095681,6.215452005,19.01431095,11.75944703,64.73034096,8.873435422,7.213396102,23.00091943,14.38135013,382.7649907,35.38663039,13.40427418,28.71496827,13.90800208,277.6479465,35.92760349,12.61637279,20.98262811,10.65548066,154.973148,17.91469824,9.813147953,21.30619427,11.11363714,149.9840756,27.66841462,12.20612939,20.23031201,10.92049843,2
,,,,,,,,,,,,,,,,,,,,,,,,,,,,,,,,,,,,,,,,,,,,,,,,,,,,,,,,,,,,,,,,,,,,,,
77.64031728,21.70992676,8.891671953,18.62514701,10.43249929,81.04336307,12.46868875,6.218425171,18.77462555,11.81699529,128.2236542,25.57651909,8.450486396,19.29613828,11.72665098,317.6072708,19.24789355,6.685522472,17.50025558,10.97351088,23.24949453,6.402561672,4.27384655,11.51767001,7.000334443,31.80898414,8.912776687,6.247474947,18.42891949,12.11225807,34.2753511,8.741853468,4.986056434,14.05421091,12.43403513,73.46959026,12.6335408,7.455631772,20.60104656,13.00623904,68.19666532,8.433610011,6.042357314,16.98310933,11.32588814,58.94439678,10.97221677,5.653433342,22.3326454,14.03364573,359.84828,42.26164575,13.73135546,27.31032005,12.88085403,202.0401303,29.81750555,11.56718582,20.7313323,9.914850335,162.2814289,22.24228592,9.843595106,21.25745875,11.90633868,130.0605261,26.37618876,11.04433579,20.10081553,10.24606578,2
,,,,,,,,,,,,,,,,,,,,,,,,,,,,,,,,,,,,,,,,,,,,,,,,,,,,,,,,,,,,,,,,,,,,,,
82.79375144,24.87721453,8.029307927,21.01798467,10.55050638,85.61169346,14.20639458,5.861075603,21.11730346,10.96305814,137.886399,26.18822524,7.170314183,21.37636061,12.42247008,387.4702692,29.5841972,7.16174325,20.92994267,11.4705751,22.40310829,7.133794342,3.865147954,12.8665342,6.772733943,29.15257819,8.293886725,5.215786123,19.2179142,11.36833837,29.62186417,8.697189647,4.161789353,16.00229827,11.96234024,79.21775491,14.15657687,7.591027565,23.09884077,12.60652795,79.40290694,9.78753777,6.078522865,20.85794808,11.15511281,67.84836244,11.12925857,6.191163797,23.14070544,13.46254925,367.4919384,43.24661739,15.26883693,29.15128047,14.29347349,167.1809107,32.58946381,12.40213744,21.78899817,10.97051042,147.1857659,22.66327703,10.40903887,24.05127626,11.46664897,117.8247583,31.11147811,10.62405234,22.38854132,10.82499497,2
,,,,,,,,,,,,,,,,,,,,,,,,,,,,,,,,,,,,,,,,,,,,,,,,,,,,,,,,,,,,,,,,,,,,,,
480.3297717,27.06717046,10.49607879,31.23014982,21.62152455,494.2036539,20.83433295,9.341209423,40.86597406,36.16261387,535.0273785,41.69234465,10.7739739,30.83453302,20.34503803,757.8335811,39.4366351,10.29394269,29.73949446,20.66174018,440.5407306,11.20166539,6.836350597,28.76019291,24.27297692,294.0011763,11.82051009,7.798331655,25.15667124,18.0710334,267.4953095,9.683072882,6.762599525,23.77553382,20.43468443,422.5373361,12.69625246,10.21145536,35.33918819,22.39335742,333.3790047,10.28813561,7.958833782,30.33022355,21.43901544,475.1532079,12.17382321,9.202714552,33.86374992,25.19119302,1012.642429,32.62309037,13.99254477,37.36253244,24.55057287,535.2510578,29.747015,11.21463428,29.73809734,18.57254346,574.3342469,19.36639092,10.56833705,36.69850867,28.7198762,496.6824796,27.28078201,11.21730384,32.87799062,22.19708099,2
,,,,,,,,,,,,,,,,,,,,,,,,,,,,,,,,,,,,,,,,,,,,,,,,,,,,,,,,,,,,,,,,,,,,,,
223.5109629,39.28537926,11.45334948,29.31327638,18.10953503,183.0538516,22.84909468,8.052161755,31.31552985,19.76703452,668.714376,69.20825076,14.53265786,30.79604517,18.00282998,412.9637253,37.24796399,8.495474521,27.53193816,19.09240868,95.43963811,8.927746902,4.338538839,19.4932207,13.03316222,124.2829282,9.83298184,6.509877859,24.98865621,17.29621311,107.1477768,11.16627806,7.030012611,22.34153162,18.43057054,235.0262951,15.35617388,13.22165585,35.03486973,22.90300562,119.6702012,10.9025736,11.09359985,30.15580094,20.5738043,140.5043155,12.69647973,10.30842157,33.48113965,23.48432251,666.399176,45.73885016,19.04087117,41.82875169,21.35181808,406.7351612,46.78955685,13.83731158,28.52730751,17.063767,268.8654184,23.24147363,11.67599171,31.23326973,21.06637273,276.7530239,40.1047701,14.78490879,31.36757819,18.72962171,2
,,,,,,,,,,,,,,,,,,,,,,,,,,,,,,,,,,,,,,,,,,,,,,,,,,,,,,,,,,,,,,,,,,,,,,
535.7654917,48.09404954,26.05381984,60.75919306,24.62534433,551.5986587,33.13017676,18.03574138,52.11353902,23.45452334,1212.802366,113.6174705,26.17948164,58.87674102,26.2424531,1273.219947,77.44716382,20.72904805,54.27911129,24.49386558,360.0378937,16.08003664,12.28431075,32.65012074,16.93099206,380.7515605,15.47672253,13.60909517,52.59613177,28.58471281,301.3534114,17.2027142,13.62043649,46.58690569,26.40572429,403.8739926,27.21626286,25.56391193,92.4048256,47.23697785,412.0368642,29.092751,25.56734568,87.14785183,47.30344346,406.6421629,25.07997122,25.05928977,73.58109089,32.45472619,1765.909073,85.94880052,33.851539,67.82825769,29.40842054,666.521625,58.51505359,26.51271246,60.47261967,25.6777817,456.2565413,36.55005085,24.92002169,86.50957278,47.43569482,512.245667,52.04700401,31.18337851,67.66380687,28.96445736,2
,,,,,,,,,,,,,,,,,,,,,,,,,,,,,,,,,,,,,,,,,,,,,,,,,,,,,,,,,,,,,,,,,,,,,,
72.26179882,21.04185478,7.621644118,23.12173829,12.79837578,115.6698526,17.89002701,7.587648123,23.68214651,13.58870201,142.9334627,25.54121946,7.777675512,22.67852034,13.85331686,376.3665251,26.28317135,7.858235965,21.1882365,14.19236304,28.77249189,7.489986079,4.719114455,13.60724357,8.99963217,26.85008286,8.512414894,5.787485083,16.06747757,10.2881562,29.16008753,9.204335159,5.072560104,15.23263519,12.39927864,62.53217629,13.62123958,10.14491576,30.27864984,20.82011314,55.04297032,9.540186808,7.862912488,27.43993915,20.46840332,74.57894808,10.14963322,7.250456609,25.94613326,16.94553254,390.7060346,34.3853122,13.92395723,30.1202098,17.08266575,190.338367,31.48410203,9.283673293,23.12791831,12.60877193,158.7887756,20.71925362,8.961179358,32.04257694,24.38210918,133.7861976,27.82086005,9.464709511,24.2674534,14.32127752,2
,,,,,,,,,,,,,,,,,,,,,,,,,,,,,,,,,,,,,,,,,,,,,,,,,,,,,,,,,,,,,,,,,,,,,,
204.9032571,28.77714853,11.69654626,30.2664436,14.60638639,197.2818422,22.86725129,9.165907142,36.00202278,20.12677059,390.4475588,44.38778812,11.79720133,28.89739862,15.57744864,553.6781677,36.74261818,10.05732787,26.23669088,16.19753509,295.4522743,11.51558835,5.772918333,22.74792788,16.06322935,77.25800529,8.731637803,7.487324529,19.61264536,10.83237679,69.93281302,10.31933727,7.609804992,19.29502962,13.42481909,126.2897705,14.51217942,13.42048438,37.57722985,19.68877256,188.3548985,10.96352088,9.19437212,33.87685896,19.15053002,496.6674551,12.99667169,7.160585722,37.07086659,19.90308945,620.592717,40.34685422,14.82096536,37.65711094,22.47191299,341.1534858,38.90718099,13.2281593,31.88874551,17.95130094,281.693831,24.31688445,12.65615495,57.03029974,55.59811288,220.0758967,33.38034831,14.61850509,40.39752646,26.04792239,2
,,,,,,,,,,,,,,,,,,,,,,,,,,,,,,,,,,,,,,,,,,,,,,,,,,,,,,,,,,,,,,,,,,,,,,
59.83866015,22.34428413,8.861748127,19.44671185,8.218441554,68.09652824,12.29793109,6.101134383,18.00903571,9.268553032,155.1795295,26.34172726,8.240246899,19.58682116,9.655979307,248.5235249,21.71685117,6.629600442,18.51200082,8.694916859,27.22736583,6.838894286,5.150354414,11.50452987,5.596585478,31.82812259,7.355650484,5.860649936,14.65482632,8.215401909,27.49506841,8.179158109,4.783759428,13.47443282,9.074368461,59.68771128,11.23821917,8.428452752,22.69657157,12.48594019,51.13527901,8.734254702,7.180343643,20.11370165,10.81293476,56.39705835,9.23480864,7.147620207,20.37993325,10.27444256,223.9899876,28.52857116,14.19313734,26.03594624,12.25309782,120.9713845,27.58924657,12.32420727,19.37760961,7.729451051,120.8686301,16.94906479,10.13740577,29.5426753,19.24758415,88.4841293,25.6481174,11.90002893,20.76865696,8.569100967,2
,,,,,,,,,,,,,,,,,,,,,,,,,,,,,,,,,,,,,,,,,,,,,,,,,,,,,,,,,,,,,,,,,,,,,,
69.6266672,26.99324863,11.61446496,19.48967166,9.595229582,78.62309455,13.93109221,7.681322658,19.57136393,9.23301033,165.7714593,27.25758566,9.300263884,20.48996625,10.8678287,342.6471939,23.1854412,8.440636485,18.18683927,9.344751263,28.27800237,7.001783738,6.100302174,11.98853481,7.101088061,20231.32164,543.4052103,69.85329574,52.7348949,11.45825858,43.2953052,11.61541239,5.470562581,14.54285753,9.947393818,61.00443645,15.04822258,9.061012415,24.49561788,13.31526775,58.33052965,9.786742808,8.050527029,22.00049222,11.8858437,73.3889939,10.79267985,7.170935683,21.91752336,12.72051248,462.8740797,36.07817531,13.01463492,26.79193962,14.20946923,202.1021989,32.03317333,12.11490817,19.57243459,9.624101036,179.4360377,21.24014516,10.07886293,30.95946588,19.68450632,135.9805951,33.0147668,12.57464569,21.42424111,10.59859751,2
,,,,,,,,,,,,,,,,,,,,,,,,,,,,,,,,,,,,,,,,,,,,,,,,,,,,,,,,,,,,,,,,,,,,,,
443.4263115,38.80827893,10.68104739,26.18658975,11.19679685,368.5355184,18.60039462,7.70116359,24.0551467,11.90239744,551.4426933,46.13525122,11.2939346,27.81802116,12.9097918,700.2586146,31.06046418,10.00851027,25.90773635,11.22758398,409.4094281,8.734216622,5.175042011,15.8421199,7.91655389,415.0741578,10.02456113,6.581424345,20.50151321,11.66255038,258.7057747,11.44435778,6.778327162,19.36249453,11.9655327,528.889856,16.29478727,10.54704849,32.31874576,17.67971898,442.706675,11.67356177,10.61369663,29.72351656,15.60213164,537.0565722,13.81819337,9.721894139,28.45699435,14.3052581,763.5243588,43.17765811,18.14366102,35.72853894,15.22495805,433.8188494,44.42883164,14.43815337,26.39727861,12.17749397,469.2258913,27.47067611,13.22465411,38.31781094,22.7685461,518.5837482,44.32612078,15.08245306,28.0423328,13.38313237,2
,,,,,,,,,,,,,,,,,,,,,,,,,,,,,,,,,,,,,,,,,,,,,,,,,,,,,,,,,,,,,,,,,,,,,,
285.9371895,28.51045881,16.86069387,34.67121223,20.79826941,273.2976899,19.86995863,11.15885521,35.5353113,26.8746591,502.9832636,49.9277909,17.6055557,33.17761208,21.32456202,713.1809002,39.647844,13.00882731,29.35872331,19.93125804,342.3611767,8.682592742,7.381583532,23.83828156,17.3351604,188.8049741,9.592299276,7.597460084,25.72727663,18.50943313,145.7180184,10.67016576,8.062357495,24.48565743,18.46479884,244.0632806,17.17694713,15.77104583,45.69947704,34.22728685,165.336925,13.26022876,14.43588616,43.64772586,34.19745243,261.6750723,13.21963421,13.34445462,39.83041546,26.59268693,1010.782663,46.60723766,22.32205775,40.21558838,25.62518258,312.1831182,37.12708472,18.684278,33.16068925,19.4477741,280.7614438,22.14241282,16.35219478,49.93162128,38.26599645,285.1092819,33.48994884,19.316724,37.79565513,23.5478728,2
,,,,,,,,,,,,,,,,,,,,,,,,,,,,,,,,,,,,,,,,,,,,,,,,,,,,,,,,,,,,,,,,,,,,,,
166.4594256,31.28508068,10.91173453,37.10429426,20.47254528,184.4358611,18.79822071,7.677837943,33.65012109,18.67763101,370.3204342,41.07630061,10.51026336,36.69698728,21.93849691,518.9322631,36.44901046,9.403233802,33.06809641,20.13146452,99.21061998,8.993950789,5.544163546,22.28437382,12.76362892,96.01211533,9.666310072,8.438170965,30.09568501,18.7083961,70.32989631,10.70230241,7.694036808,29.44610017,19.37554361,138.4649528,17.71796017,13.41822714,50.0393102,30.59932064,115.5365918,12.31710142,11.61841708,48.95295244,29.08798574,133.6764157,13.4369279,9.019282332,44.02426363,24.42386763,443.7789243,37.06458516,14.86864564,44.29689654,23.8855324,304.4388445,31.99172384,12.60396964,35.82693056,20.17814367,214.0966811,21.06511351,11.32344532,54.32969011,33.11833745,221.250385,32.40659956,12.68864054,40.15742264,23.06318007,2
,,,,,,,,,,,,,,,,,,,,,,,,,,,,,,,,,,,,,,,,,,,,,,,,,,,,,,,,,,,,,,,,,,,,,,
15140.69871,62.06343165,107.1492531,33.96977642,13.082077,16500.01216,51.21826721,63.07474187,33.0074421,21.38815694,16832.99094,71.40977622,102.5194035,31.34458939,12.92558479,15002.7242,38.66540582,54.89784199,25.74660906,11.21869791,30337.76634,261.9733903,240.7695608,167.6479231,36.24257197,9347.523222,23.71783941,12.36965709,15.33414168,8.397941299,14793.94283,38.09442362,22.15370623,26.74499823,11.72956952,13520.45241,40.4048142,56.70273043,34.51025319,12.80114048,13648.56095,497.9752776,51.90926921,42.26833834,14.47473136,34030.54656,457.8432922,84.30957898,84.09709036,32.45614797,15788.72436,69.76158662,68.07505677,31.41191047,14.37758401,14948.14398,69.95079783,101.9400299,33.527629,15.01557715,12804.95791,42.02630414,53.05327374,57.78472632,41.0582927,13596.41028,52.71078792,87.73175524,32.27445136,13.02874705,3
,,,,,,,,,,,,,,,,,,,,,,,,,,,,,,,,,,,,,,,,,,,,,,,,,,,,,,,,,,,,,,,,,,,,,,
138.714775,22.24735995,104.2972825,17.12582017,5.08258472,57.09607153,9.784654432,67.81562518,14.0129045,6.254516051,155.6482951,17.94814015,94.90021086,14.91343111,6.49575043,69.16222719,9.902078052,60.60075932,12.68030943,6.619221221,635.0647964,34.82637806,18.50297383,20.99197858,13.42763646,44.48948633,8.264681014,7.013279179,8.950068217,4.83316414,327.2901371,16.19564954,29.1319771,12.88986475,4.805043011,50.30452148,14.20523906,88.67071044,18.45236969,5.422704702,15.55714444,4.378074874,18.52792908,7.01385744,4.465121785,44.47564464,9.078867428,12.07265003,36.34716743,23.8666656,98.63394474,15.58732897,47.73983092,14.92600004,7.99903381,152.7111291,19.82784915,87.77925209,16.0656043,7.450821972,50.74466147,13.1881102,43.89076865,22.63610371,16.62112406,73.24541747,21.98746297,86.78489762,15.27421419,5.153173298,3
,,,,,,,,,,,,,,,,,,,,,,,,,,,,,,,,,,,,,,,,,,,,,,,,,,,,,,,,,,,,,,,,,,,,,,
74.55522921,20.6275944,86.09885955,13.31456018,4.301252802,51.76169572,12.73645132,53.3782849,9.96483179,4.305405761,248.3036161,23.60349955,77.30152775,12.30040105,5.042710507,76.65232769,12.48706621,49.71982015,10.01148206,4.950634525,639.5340388,35.9346215,14.20075933,19.80555773,12.87850464,39.09536049,10.27866221,7.982760181,8.024138525,3.871374381,3195.728481,25.71180507,23.51567751,10.27993018,4.052322526,32.73128261,36.4981394,61.91211174,16.09149553,4.39798605,10.12267981,8.60051891,17.40809703,6.766009267,3.749064957,32.43685108,12.40121667,16.76839864,34.56567241,26.85568183,65.73529405,14.64973458,46.00276449,12.72810832,5.575519526,204.108512,24.53565147,77.20925984,14.2451295,5.275569226,62.07215493,14.62848823,44.02193825,24.8547887,18.88875797,77.53765311,22.64161324,78.57447578,13.84620574,4.894866578,3
,,,,,,,,,,,,,,,,,,,,,,,,,,,,,,,,,,,,,,,,,,,,,,,,,,,,,,,,,,,,,,,,,,,,,,
47.40890751,21.19391887,93.34025637,13.31620067,3.78705727,44.33016618,12.0902261,54.0500452,10.79522153,4.324809436,98.32979642,21.44448072,82.63095346,11.69172569,4.757772653,65.0822739,12.61420256,51.92131201,10.05650122,4.680380963,684.8745881,36.44401179,19.3157606,23.98261404,14.35177217,29.33335882,9.798006626,9.911478676,8.854755995,4.177956127,60.94724287,15.70602677,27.22101412,11.2610148,4.029494427,32.64435987,22.85527064,82.26186404,16.66510028,4.349732423,10.09214729,5.742508541,27.95350412,7.538347391,3.38646328,1186.03196,16.1838218,18.64255787,37.9315104,23.11940735,74.4019664,14.59896959,49.34460232,12.21046088,5.614969317,99.33986808,21.14903907,82.79157806,12.92120704,4.682018293,42.6961192,14.87819663,47.38671257,24.3604322,17.81409359,45.05139219,24.2871106,83.90594649,12.61629678,4.481677073,3
,,,,,,,,,,,,,,,,,,,,,,,,,,,,,,,,,,,,,,,,,,,,,,,,,,,,,,,,,,,,,,,,,,,,,,
85.18225478,19.4803354,84.68907872,13.31028501,4.254758672,54.61652899,11.11195081,46.88785164,11.17781195,4.529275263,114.0732213,15.69379305,69.82995983,11.93287123,5.094567439,56.30474572,11.18264737,44.57820715,10.79190821,4.715655705,272.3156885,19.16894843,14.65858077,20.07092184,16.00629321,27.50046498,7.716309865,6.937215765,7.328578284,4.16475956,36.12601103,12.32380099,25.60366473,10.67960579,3.716411042,63.05146694,15.05330138,48.46444999,14.03272466,4.485964225,13.56550939,5.758190465,16.28994133,6.701857497,3.461283215,47.99993665,10.61190218,15.47511083,38.63219765,24.85953286,95.80354771,13.77087213,42.9963314,13.2338718,6.103076022,115.1782323,18.31917252,70.19893428,12.85901117,5.316543102,62.86118678,13.28258988,43.26636912,28.28716677,20.60221875,74.13484852,19.64410414,74.4620189,12.34144143,4.905359739,3
,,,,,,,,,,,,,,,,,,,,,,,,,,,,,,,,,,,,,,,,,,,,,,,,,,,,,,,,,,,,,,,,,,,,,,
80.97982896,25.09094841,76.22919009,12.70919164,4.277831694,39.89422858,12.73943239,45.16252444,9.609368192,4.266773025,150.437956,25.45734158,63.12025731,11.44130607,4.645151909,47.34850664,11.68161436,40.07167257,9.017237212,4.480707213,203.3749676,16.37635367,14.27142093,18.59344014,14.40844166,29.50006097,9.51651166,7.744953191,7.914464896,3.765810298,35.78425091,16.66670719,27.05256684,9.931491739,3.585606488,63.66660828,21.78563885,72.05700389,14.35863425,4.152341658,12.60645719,7.358466982,27.79362417,7.776650291,3.45724012,57.17070649,10.44398248,15.4856837,40.18473612,26.86723833,70.20239259,14.65875068,37.3631457,12.60983361,5.665393068,141.6325926,28.39306489,62.02629305,13.15292382,4.74560733,50.7947583,14.66656381,38.06456927,27.64040427,22.06192864,60.31660977,29.3484978,67.76154207,13.81904062,4.719935909,3
,,,,,,,,,,,,,,,,,,,,,,,,,,,,,,,,,,,,,,,,,,,,,,,,,,,,,,,,,,,,,,,,,,,,,,
57.07635418,27.41647967,78.19557861,13.57845955,4.428942895,39.52823358,15.85580508,44.90804767,10.24122627,4.464838855,80.2478968,22.28108582,67.69019404,12.12700321,4.864039017,73.13838489,13.15826939,43.73362778,10.80438801,4.966092788,124.7315067,14.87793394,14.13601619,20.51608018,14.5924369,22.37316215,8.186864459,14.26908527,8.053189238,4.326546871,35.88359898,15.69376311,41.85027775,10.9785545,4.171810599,43.28617836,27.48853214,118.7427692,17.78436392,4.335767456,13.32035371,9.460674306,35.68106197,9.181262836,3.643878201,173.9165134,15.94533233,21.88526069,43.44331095,25.11323767,66.97808065,16.92742495,43.60264423,13.31760884,6.028609447,59.75821707,23.67805096,67.96555356,14.2465223,5.445174519,49.21322372,16.64480763,44.40953223,29.07843942,22.94757136,45.03594341,27.15413985,72.49136696,14.59294632,4.546450891,3
,,,,,,,,,,,,,,,,,,,,,,,,,,,,,,,,,,,,,,,,,,,,,,,,,,,,,,,,,,,,,,,,,,,,,,
87.71727916,23.8867409,75.62475312,13.92397715,4.129846369,55.70240757,13.99879611,46.32785273,10.71370954,4.120508856,211.1007158,25.1212116,64.5501578,12.40568818,4.314368189,75.79765882,12.69762534,41.20944977,9.984067158,4.721153544,124.8113839,11.04028505,13.90712098,20.11212296,15.3229477,23.67822867,10.07105351,9.970360823,7.620226824,3.430424496,39.6830074,22.3378943,21.92038655,10.17367994,3.76036179,34.42112197,31.92174656,46.9581204,13.94558133,3.999551672,16.05654698,10.05089412,18.34216805,8.686468904,3.227766688,113.1472312,12.63365394,18.73483697,32.37291466,20.6004156,84.61080609,14.80648681,43.28453445,12.73662161,5.83316459,198.9429274,25.70713622,68.13871423,13.18432407,4.633290958,56.26634428,16.44094225,45.99802574,29.57765526,21.80679238,78.75511203,27.73379404,72.67197218,14.14646445,4.342328112,3
,,,,,,,,,,,,,,,,,,,,,,,,,,,,,,,,,,,,,,,,,,,,,,,,,,,,,,,,,,,,,,,,,,,,,,
57.74762508,22.77257888,98.12354094,14.01750573,4.632536324,39.1578914,12.38776736,57.23139187,10.16123089,4.223152988,175.6584031,22.4148759,78.69079678,12.876926,4.672270736,50.71056307,13.5560761,50.56578516,10.12476521,4.452807958,80.72513732,9.132664037,16.64229965,21.79284887,16.84121093,23.1882333,9.365652627,8.612644674,7.084494363,3.562846812,26.59603149,21.46813157,28.26315569,10.98917474,3.949868239,46.58990618,34.37245982,46.49786245,15.76610584,4.073354556,17.43222384,11.75190676,19.40439061,7.661070632,3.287216504,23.82721685,10.51226421,20.5264088,27.75662797,17.23006617,62.84639212,15.39426892,52.17494067,13.5400413,6.041713244,170.1208888,23.69947027,81.07495178,13.96185968,4.747140668,49.08343568,16.84460989,53.69902958,30.74559492,22.69783162,60.36010313,25.21412627,91.33328379,15.46802868,4.67202214,3
,,,,,,,,,,,,,,,,,,,,,,,,,,,,,,,,,,,,,,,,,,,,,,,,,,,,,,,,,,,,,,,,,,,,,,
369.0595584,32.45293286,74.30315474,17.80340629,7.461948399,92.95354133,13.2529937,45.32774346,36.61154223,35.62735052,218.8024958,22.4821363,63.81592363,15.09147812,7.220365257,106.7127626,13.11881268,40.71716591,12.64050439,7.454803417,385.3338987,9.609576566,14.68800918,21.93403142,15.27642259,54.830816,7.836900319,8.671910237,8.491871517,4.25018853,74.96853669,13.67604442,25.22510076,12.09437701,5.086538386,75.76958014,12.71145963,75.19770603,15.38664245,5.318846619,87.59659876,6.49202749,32.01318115,9.326603986,4.154057088,73.76015622,9.419963636,15.24488276,34.09033325,18.62255317,185.5184217,15.99952503,38.51936531,15.76419332,8.085451289,305.2098421,24.61789366,62.79767895,15.71089058,7.071731458,109.0494873,14.28317443,39.36914412,42.63878361,33.24852274,103.0939015,21.68881829,66.06704375,15.96096992,6.279698835,3
,,,,,,,,,,,,,,,,,,,,,,,,,,,,,,,,,,,,,,,,,,,,,,,,,,,,,,,,,,,,,,,,,,,,,,
90.9172264,26.51921333,78.49952277,14.69959179,5.372061083,60.6456062,13.02767998,46.18136325,37.63744975,34.11118183,275.9667567,27.62904484,66.46517289,12.54220153,5.059256356,85.99963827,11.68680796,42.3779669,11.17163647,5.212823587,55.1361429,7.786432624,13.90269985,19.22985924,11.43770321,33.55694492,7.966752114,9.40106018,7.6453279,3.353725577,38.62445687,18.54550179,21.56398522,11.68686905,3.811760347,51.66352361,18.85972916,45.2844136,14.64539326,3.666102314,26.22936249,8.405715761,22.10838484,9.34627474,3.798952042,32.29528251,9.551872144,12.59865826,29.38306886,15.62106557,101.7312556,14.80642019,41.13138118,13.72526965,6.273201673,259.870967,30.55945887,67.09276177,14.36157039,4.682505381,88.52301259,16.0598222,41.75051716,30.29655654,22.91569018,86.8780045,28.27951137,71.78498284,15.2012997,4.497753606,3
,,,,,,,,,,,,,,,,,,,,,,,,,,,,,,,,,,,,,,,,,,,,,,,,,,,,,,,,,,,,,,,,,,,,,,
102.2861587,29.80351157,86.04855117,14.39078423,5.222004819,59.64945191,14.42405105,51.59954974,38.26532065,33.82344894,268.0002881,29.08188652,69.50384861,12.52556411,4.603269822,87.73932878,13.85505587,42.66651611,10.66560591,4.436996179,65.42457122,9.88683713,16.48230704,14.86993379,9.31202776,39.11778658,11.1048633,8.300621544,7.951788957,3.272305019,47.974438,25.66393675,30.49376725,11.06670421,3.911952634,68.77049335,30.9400273,60.07863549,14.92226727,4.08282178,60.24072046,11.21625386,23.38354989,9.644517809,3.50373635,42.86922403,11.94999198,19.39846561,32.81107487,15.48936698,114.1948322,19.86542275,47.46199426,12.95520039,5.857207893,251.7840146,34.25572048,71.0632326,13.33238219,4.40403023,91.07358876,20.42466628,51.17245659,32.2278369,24.69741509,83.99840097,32.88587702,81.71196934,14.01740472,4.603826062,3
,,,,,,,,,,,,,,,,,,,,,,,,,,,,,,,,,,,,,,,,,,,,,,,,,,,,,,,,,,,,,,,,,,,,,,
59.13328224,24.54190229,75.51802804,17.96215857,4.799034819,42.87845945,14.76656863,48.45445906,38.95655935,36.82509926,71.60389729,18.93067369,66.40526486,13.92715897,5.118034787,89.96354267,12.68308755,42.07985684,10.91968281,4.818476663,34.68873333,8.063543879,12.52588261,14.22496889,10.25055741,27.41972354,7.492420262,14.23359044,7.853514356,3.397858279,107.1470359,15.8557225,36.01629464,11.8100003,4.034044802,54.26525835,17.82834376,84.69622555,16.96207931,3.971609489,29.18914795,7.630308238,29.4540866,10.89970156,3.661760512,34.93479986,8.709218638,19.21654169,34.06246044,14.68632953,89.18052603,14.64608697,43.18739767,13.39806781,6.295407793,59.83163923,19.64313949,64.71955237,14.75568148,5.353141667,1338.126433,45.61959279,46.7604732,39.08311817,26.25939915,49.12194047,24.59428524,70.5823084,17.32080932,5.541034859,3
,,,,,,,,,,,,,,,,,,,,,,,,,,,,,,,,,,,,,,,,,,,,,,,,,,,,,,,,,,,,,,,,,,,,,,
251.9208149,26.12781197,79.9926642,16.33442755,5.189815523,67.01924803,11.45087801,51.5709927,40.16933109,37.21161716,100.165344,16.97733245,64.90483581,12.46346508,5.149967429,110.9820434,11.26153409,40.7855361,10.74866552,5.427589961,50.20152081,7.88510553,15.88000918,15.40771332,11.20655266,30.59841506,6.863625837,12.10739432,6.78916069,3.509689911,37.29428277,13.11997564,33.32120402,11.77245929,3.769957611,45.45729443,15.84817959,65.11226485,15.32402448,4.005898268,36.44532815,9.391694057,23.83913884,10.06885493,3.674516872,42.00490737,10.48407522,16.18395918,32.73203472,16.57681628,155.9949952,17.39546916,44.71618617,14.07519749,5.898900823,122.177294,20.23354095,66.09667074,14.3892021,5.330481273,93.13921249,17.12454769,45.21869581,33.86171249,26.35219399,78.66944928,23.259403,76.5818826,15.30358813,5.659687479,3
,,,,,,,,,,,,,,,,,,,,,,,,,,,,,,,,,,,,,,,,,,,,,,,,,,,,,,,,,,,,,,,,,,,,,,
63.63394702,26.4494961,119.7826629,19.02839029,6.050621627,34.70379628,14.06717078,68.0962703,46.55648231,40.7706477,91.57788171,20.62324355,96.12563933,15.70220556,4.727453251,59.04061537,13.01779524,59.0582726,13.11673747,4.852834149,28.29727272,7.781126375,21.62394339,13.98231328,7.942451445,46.84818659,8.051670785,9.770134295,8.552183043,3.592607121,33.46598347,13.28327406,31.90837155,11.73008676,3.788320524,38.32428445,14.71137073,52.31644559,14.65444416,3.593735332,32.32537181,9.420490884,22.15790031,10.24140618,3.700737042,34.45975296,9.888880641,22.39160015,23.79419352,12.00638406,87.75023197,17.59055447,61.50024749,15.21994169,6.216547811,89.2531449,24.45408984,97.52728456,15.97077015,4.737906253,63.95423176,17.72598058,67.51568467,41.06073878,27.30512928,52.36258015,26.34486999,107.7955392,18.46024638,5.523448821,3
,,,,,,,,,,,,,,,,,,,,,,,,,,,,,,,,,,,,,,,,,,,,,,,,,,,,,,,,,,,,,,,,,,,,,,
4423.089555,300.9172415,139.916644,80.17737688,20.16973549,58.25221858,12.40480765,31.51984414,48.96436773,40.18179698,74.33841805,20.49901275,38.85341825,13.75290573,4.814728834,129.3588883,10.32918237,25.28320528,10.90591778,5.531858013,35.9804942,6.550482266,9.641462534,11.65989361,6.675749927,101.1934883,7.78230388,8.742037681,7.418970096,3.612470715,32.51887885,11.81629305,18.56488746,10.96980416,4.215681697,45.18502996,16.140724,35.81059291,14.05179525,3.920049681,49.67121773,10.31020295,19.16809356,10.05092086,3.598970718,33.92038188,10.12009835,11.95664247,19.47820148,8.964670359,115.860824,16.30879074,23.77811422,13.61528088,7.106336002,78.73073514,25.94486466,38.10203033,14.44208391,4.810027503,67.24132089,18.35555623,27.71839344,34.33296426,24.02427584,54.57421725,28.33218745,41.71585866,16.76516661,5.605209181,3
,,,,,,,,,,,,,,,,,,,,,,,,,,,,,,,,,,,,,,,,,,,,,,,,,,,,,,,,,,,,,,,,,,,,,,
70.37686351,21.05667579,41.93890169,14.70930393,6.085718016,35.80671515,9.991320799,26.46471256,58.25054972,41.70632659,138.8587524,18.44466673,34.8793746,11.54895857,4.997110298,50.3431466,10.35412266,21.20336207,12.05375104,6.088292373,23.82701601,6.777834441,9.356623288,10.93761981,6.41856788,27.00146323,7.882028187,5.662702061,7.222659823,3.787892618,31.47232748,10.90127017,11.95668026,9.313150806,4.041161289,35.61704067,14.58790377,18.49950726,11.51720847,4.17239661,30.45498252,9.625907488,9.744864838,9.567517669,4.099983447,24.46533837,8.827964046,10.5440988,19.59979671,11.29478265,66.20677843,12.67068303,21.64969427,13.55173358,6.173030867,189.038863,20.91917442,34.96913716,11.88769459,4.997316579,73.90201466,13.97569056,25.83644904,36.90628658,24.17554405,55.59977502,23.34853906,40.30633052,13.97107848,5.364715965,3
,,,,,,,,,,,,,,,,,,,,,,,,,,,,,,,,,,,,,,,,,,,,,,,,,,,,,,,,,,,,,,,,,,,,,,
73.77948065,26.74729642,48.32449053,14.48916194,6.537947122,38.61205898,12.23766859,32.60638716,41.62310489,41.15500789,203.4672781,29.5983581,38.63359443,11.17221584,4.638669384,57.80210973,10.61675986,23.5487266,10.35867785,6.442068304,23.62626876,7.290283617,9.90171461,10.70793228,6.410637224,20.63440297,7.650275865,5.173690207,7.256646047,3.498801486,30.69581155,13.38271668,16.89460756,10.43921764,4.312882184,35.86785693,16.32697641,26.76436515,12.78310505,3.986729554,36.0612768,9.77559966,12.2653537,8.601525042,3.463750442,26.05611451,9.077302057,10.11613114,18.18996487,11.09901788,67.01633081,12.93066075,24.4843216,12.74759133,6.498008412,216.9442222,27.60470621,39.16931455,12.0647831,5.174349967,71.58370753,14.99724887,25.87327283,34.52797381,26.26142917,68.42411835,27.22006366,42.78592616,14.03340733,5.414665324,3
,,,,,,,,,,,,,,,,,,,,,,,,,,,,,,,,,,,,,,,,,,,,,,,,,,,,,,,,,,,,,,,,,,,,,,
87.87285167,24.09142955,80.03388851,15.39631549,4.965305149,49.85280357,13.69819817,46.27189447,15.58600906,7.86747013,272.5314944,27.49620084,64.5197893,13.77565458,5.177109851,61.88735543,14.76596211,40.79841159,11.66246287,6.07559157,22.9222429,6.805415431,16.35825351,10.56624908,6.546669981,25.56577868,6.953847518,8.418676181,8.09597292,3.942654754,31.82870956,10.83004434,31.41948065,11.38753238,4.341503908,32.35373215,15.24369598,51.31425744,15.86050439,4.238034213,20.50804588,9.423810296,20.85250431,11.14330078,3.95848813,25.88512962,8.141811112,18.33693743,20.90718024,10.66410299,104.7551723,15.59271937,40.72181617,15.12691202,6.613515149,281.7328178,28.85713436,63.54355857,13.84003507,5.12212602,69.0772972,15.96176918,45.57412435,30.97689708,21.95247522,82.57029927,24.37386322,72.15175696,16.07177439,5.261398548,3
,,,,,,,,,,,,,,,,,,,,,,,,,,,,,,,,,,,,,,,,,,,,,,,,,,,,,,,,,,,,,,,,,,,,,,
54.90615385,20.57529964,59.82609677,15.05530659,5.327982551,27.66933808,11.35971815,34.73788941,13.57348158,6.228302831,134.7146392,19.92234053,48.61322506,13.14298223,4.88963258,51.07518338,10.73645041,31.47454023,11.95433972,6.164753637,18.49075003,7.530266025,13.08654889,10.94612315,5.524396084,30.00515893,6.899579375,10.53799892,7.500143499,3.540820999,614.3641852,34.11293696,40.94870914,14.66515618,4.343592233,35.20111702,13.79152054,50.67910924,13.00383857,4.104174986,29.69302439,8.454262884,18.08181734,9.278408649,3.520486943,26.96572891,9.772193369,15.24314351,18.98759363,9.105245581,72.56971418,15.4602016,30.45175786,14.46569389,6.558694739,138.2542314,23.86982623,46.00808829,14.24164743,5.074270692,63.88817026,17.11518372,33.38188234,18.47635432,8.930283767,52.45787102,24.55537846,51.21597061,15.83653276,6.02641559,3
,,,,,,,,,,,,,,,,,,,,,,,,,,,,,,,,,,,,,,,,,,,,,,,,,,,,,,,,,,,,,,,,,,,,,,
91.89472682,33.68501914,68.191421,17.90867174,5.594074864,68.63850738,15.02140114,37.9255833,16.31528864,8.588108894,189.6469943,29.46877387,56.75452164,14.72702297,5.405476317,84.75575298,14.45699441,33.32810051,13.61117373,6.409053476,126.6964219,9.942497827,11.98222032,16.09320195,9.323529894,28.45479242,8.200347803,8.050481135,8.466288804,3.85651776,230.8889842,29.31304306,20.954273,14.06344714,5.380805087,49.05076614,21.16742762,32.56789846,15.04116666,4.874046444,33.3772652,10.96800662,19.4433491,10.89547394,4.444339357,49.83870401,12.96592091,18.67401718,37.33881311,22.1820343,120.8660075,20.49318733,37.61131337,15.90961948,7.51548306,359.2823764,37.02578321,57.52265475,15.68474175,5.576770284,92.08057575,21.25475414,37.34099257,25.67165071,16.69298916,87.94569662,35.16125422,61.42104666,17.8500875,6.655927895,3
,,,,,,,,,,,,,,,,,,,,,,,,,,,,,,,,,,,,,,,,,,,,,,,,,,,,,,,,,,,,,,,,,,,,,,
68.51622567,25.42244228,68.91837709,15.3176697,5.795053128,40.7839605,13.14709131,39.69782146,18.44912026,12.45298382,68.43591489,18.29039759,51.79289791,13.8492706,5.686225445,73.00657104,11.71181156,33.66214857,13.05751397,7.253104624,21.98951917,7.250996332,12.91479714,11.85358659,6.486829943,26.05820266,8.984415739,9.737124256,8.738407011,3.807546325,27.08188375,15.79874696,29.37577059,11.58121673,4.562835503,29.21376129,15.68874938,56.19614974,15.00261853,3.843259998,23.00942475,9.452957017,22.82851412,10.57810424,4.075399136,26.81274608,9.609453627,14.14872694,21.88755859,10.19191886,83.28882196,14.06116754,34.20577735,16.99280489,8.050190926,72.20315597,20.33481856,50.1526194,15.22033746,5.641249419,59.75984486,15.90228639,35.73504661,41.48385722,33.45741765,50.19046715,27.40132791,60.47967822,16.55600043,6.073362628,3
,,,,,,,,,,,,,,,,,,,,,,,,,,,,,,,,,,,,,,,,,,,,,,,,,,,,,,,,,,,,,,,,,,,,,,
61.64002382,18.58104428,64.54057853,15.54486121,6.245377597,38.17206104,10.1332183,37.17390575,19.31789932,13.99397775,71.12466278,15.04388383,51.20363558,13.2494035,5.951872573,49.18120683,9.230658627,32.87450652,12.53281782,7.958636144,24.046572,6.540003664,11.88513073,12.18065451,8.55477495,18.47167998,6.485888394,8.193831711,7.884088098,4.003635376,36.73792059,10.1271983,18.26816823,9.88713176,4.525545388,40.69806844,12.36458872,26.49187278,11.47799297,4.162710037,25.2777403,9.387579507,16.73379542,8.801704001,3.35611584,27.54359138,8.892155755,13.78292924,20.06545137,10.91605302,115.1012236,12.1738266,35.46585512,14.76374036,9.047278912,210.8477225,38.42734575,56.98408423,15.24071557,6.610795228,81.71399843,15.09497883,39.34412075,48.70519487,37.86316148,50.37875657,20.7372598,60.22767442,17.20366052,6.802954023,3
,,,,,,,,,,,,,,,,,,,,,,,,,,,,,,,,,,,,,,,,,,,,,,,,,,,,,,,,,,,,,,,,,,,,,,
89.11999886,26.73529727,38.38003214,17.95743984,5.202360713,53.60783637,13.84029041,21.06295168,14.73794036,7.81472744,81.94654717,20.98145851,30.39780686,15.77128687,4.660841025,118.9806695,11.99791265,19.59378915,12.22966608,6.357884306,26.58406075,7.290653304,8.907960756,11.45353583,6.433256697,50.59312599,10.33084233,8.968146615,9.018305371,3.682910931,37.29888496,13.85891522,17.52604376,11.02804521,3.858584101,45.84442324,18.17310094,32.44585604,13.23571554,3.666548813,25.3913777,9.477919561,16.09588825,9.324151585,3.718517992,33.3409325,10.48980011,10.94766771,18.14324505,9.904048901,145.7814146,15.59732149,21.10793423,16.42830668,7.515779854,350.1031213,26.16564321,31.24662094,16.19398007,5.138390572,88.94840939,16.95661195,20.39260388,37.54339461,25.57492075,65.29618533,28.31829106,34.78707038,18.53561922,5.481352572,3
,,,,,,,,,,,,,,,,,,,,,,,,,,,,,,,,,,,,,,,,,,,,,,,,,,,,,,,,,,,,,,,,,,,,,,
55.9537327,31.138583,36.46181931,16.69131057,5.453473026,47.05913871,14.78620029,19.53689798,14.15096311,8.016253514,62.5627071,23.32328824,29.36609441,14.30106023,4.939937416,88.12121313,12.25469937,18.02188985,11.86833509,6.296233978,24.64095318,8.682535604,7.195776273,10.78197877,6.671007294,41.03693304,12.56945707,9.401750787,9.126660339,3.447280476,34.23108295,14.81745431,16.93690023,9.390383121,3.889358604,39.1573858,18.78767566,35.00969777,10.82398773,3.434353057,26.41103896,10.8914115,15.43476806,8.286197994,3.596948816,31.99303719,11.28645885,12.58912602,16.80670206,10.35925294,141.1146839,17.20739797,21.44828619,15.58918704,7.264885111,92.08348607,24.83099143,31.57793217,15.07633371,5.448081952,89.15129985,18.24033471,24.42948285,35.99404553,27.95285742,53.00826111,31.37545748,35.09028495,17.97579326,5.96341925,3
,,,,,,,,,,,,,,,,,,,,,,,,,,,,,,,,,,,,,,,,,,,,,,,,,,,,,,,,,,,,,,,,,,,,,,
75.75112501,28.50807097,12.31180068,20.31094382,5.922127723,87.27817578,13.28515504,8.322359305,14.52564939,7.349048279,100.6413603,19.36309087,9.232896681,16.15998405,5.087090878,273.8582203,11.27017544,6.222511088,12.34200099,5.657011706,27.65900858,7.543578836,4.666691253,10.14143728,5.880707389,23.49720705,8.464142814,5.382533403,7.611408731,3.413281512,32.71104978,14.15053034,11.1663649,11.08669512,4.57146872,33.19330426,16.43451651,14.8374066,10.66965574,4.155217635,30.97319079,9.768615954,8.529026442,9.35843777,3.60875193,38.42290102,12.35511802,7.572431772,17.52663247,9.634050866,297.9781469,17.11132273,8.04100998,15.83031256,8.056377128,174.4734941,23.25705385,10.73809738,17.54357846,5.42176669,135.4368052,19.37781079,9.561189233,36.81179682,25.81093503,78.48550613,32.78360082,12.87198337,21.93875428,6.640259088,3
,,,,,,,,,,,,,,,,,,,,,,,,,,,,,,,,,,,,,,,,,,,,,,,,,,,,,,,,,,,,,,,,,,,,,,
925.1720877,51.59211442,28.67959491,23.44724797,5.576393128,75.35621136,17.57419553,15.89200499,15.24298879,6.482287982,119.2947755,25.60664341,21.15436715,17.09931218,5.102770675,189.7737064,16.01127506,14.41682576,12.7004726,5.706928532,32.44107983,13.17380551,6.304713496,11.44515618,6.165717718,34.12361373,9.942657254,6.170261345,7.943828756,3.677612447,40.28137397,20.54403492,12.99862249,9.979658781,3.905968242,45.8814269,20.11217065,21.7260288,11.2255601,3.633836508,25.61186111,10.95966462,13.26102893,8.772143456,3.678070073,42.82698054,12.47000815,11.20697326,16.91365908,6.852423635,233.0226818,17.06219588,16.88857553,17.92929816,7.507260654,186.0198486,29.49433279,23.06624374,19.31849959,5.559561325,100.4468927,22.40005931,19.01973679,40.81507527,26.03515074,80.0036154,39.30534924,25.80182824,23.30680106,5.833563491,3
,,,,,,,,,,,,,,,,,,,,,,,,,,,,,,,,,,,,,,,,,,,,,,,,,,,,,,,,,,,,,,,,,,,,,,
59.65057163,30.32388635,10.8225174,17.14167111,5.171628227,60.2195666,13.95774581,6.826262515,16.16382365,10.23584968,97.48326001,20.0297831,8.109935475,13.20875511,4.40126795,151.4411362,12.76810867,6.841072673,12.84102089,6.673969742,19.81562785,7.625003319,3.956065509,11.41360353,6.149238962,22.6825087,7.020593342,4.237893805,7.494562177,3.245164867,29.68185239,12.29704185,7.45771238,8.948835568,3.809525316,40.56767002,12.65256455,8.654200915,9.987034439,3.504819741,25.38688652,7.930020266,6.351292052,8.707007916,3.686287289,57.05662504,11.27515021,7.084748228,16.21945418,8.520406136,266.4886856,15.13286195,7.696301256,14.64212499,8.258429905,154.2583863,22.19077928,9.284207081,14.36785867,5.207830546,117.0691247,17.81728854,9.301169131,40.61723014,32.79614368,72.80737677,30.69815456,11.25996496,18.19510225,5.609238093,3
,,,,,,,,,,,,,,,,,,,,,,,,,,,,,,,,,,,,,,,,,,,,,,,,,,,,,,,,,,,,,,,,,,,,,,
60.06381597,34.08991969,15.03995828,15.91829138,5.87411397,51.2983006,14.27695233,8.839290611,13.98254765,9.043845984,99.57905418,24.05046854,12.21899503,13.56627863,5.102957386,119.7633686,11.08788796,8.06275401,11.52025424,6.495909041,21.85093075,7.506404655,4.231360003,10.56680624,6.238451288,20.99888693,7.854957629,6.426173271,7.178090591,3.521990118,29.36250384,12.1320199,11.44959004,9.742385478,3.870385704,32.99770498,12.75757627,24.15072399,10.37597223,3.478754413,34.43362069,7.929769007,11.01707695,8.564839692,3.563988266,37.3585514,8.700411709,7.772689287,18.49834416,11.74374003,208.1239678,15.33569458,10.5341505,14.89514263,8.086111487,146.4853961,28.74600092,14.11900692,13.6968114,5.308637879,122.5362566,19.54550972,12.01521423,48.26008855,30.3898836,76.31619014,36.17219196,17.55961234,16.56122016,5.547537744,3
,,,,,,,,,,,,,,,,,,,,,,,,,,,,,,,,,,,,,,,,,,,,,,,,,,,,,,,,,,,,,,,,,,,,,,
56.20417621,23.51665979,14.24197922,16.60623329,5.177006493,55.80077391,11.67710965,7.184119261,12.87983039,7.293469933,88.7549605,17.22373133,10.89262294,12.59245075,5.299991286,156.3813688,9.422912065,6.53874478,10.25199388,5.885118107,29.29184122,6.549957566,3.743702218,10.95729569,7.017586703,28.98483227,6.686441601,4.106406251,6.659250996,3.205294178,26.71092785,12.22093491,7.06916535,8.3907474,3.846065824,30.16315561,13.53572763,12.08616962,10.15497444,3.964817232,308.9299235,26.82287033,14.22256874,13.28017058,4.272748326,63.10044662,9.198118259,6.712432767,16.87766581,9.786728141,173.5496413,12.4279657,8.441680031,15.52100032,8.664499136,108.0644039,18.99114321,11.60383441,14.67633935,5.896499202,92.9782511,15.50373519,9.666552975,39.46269244,29.19829197,48.38448279,22.61310274,12.40872524,18.48945769,5.252900799,3
,,,,,,,,,,,,,,,,,,,,,,,,,,,,,,,,,,,,,,,,,,,,,,,,,,,,,,,,,,,,,,,,,,,,,,
44.37075513,19.0678715,9.442159092,15.70487023,5.17279978,39.44740925,10.40487757,5.509299351,10.65933414,5.550695677,82.16574987,13.88792973,6.537869801,12.14381932,4.897816219,120.5418583,9.461321634,4.413091446,9.652071418,5.213492467,18.63167235,8.040688103,3.312280186,10.46353237,6.778744002,25.9536115,6.332880169,3.967176799,7.303813306,3.690686627,43.8746358,11.09484866,6.517292267,8.070222561,4.209258218,28.16937559,9.875793084,6.274843036,8.870277869,3.583463574,32.45184936,8.031459518,5.166195612,8.661833389,3.711679632,29.99580508,7.119734042,5.463547273,15.95257124,7.728954225,135.3900543,10.99710963,6.351570598,14.03949183,7.487487162,111.9910644,15.75507412,8.247561144,13.77617439,4.622408636,76.57071352,12.72498392,8.202028292,35.65445966,29.41627423,55.09387646,22.49596361,10.59271512,16.08862541,5.086111365,3
,,,,,,,,,,,,,,,,,,,,,,,,,,,,,,,,,,,,,,,,,,,,,,,,,,,,,,,,,,,,,,,,,,,,,,
70.76197166,22.20066552,18.86429247,16.76993037,5.232575685,57.41574197,11.04288932,9.761136261,11.76920563,5.179365813,102.8600172,16.79973941,14.1768334,13.08616925,5.227117682,114.9123181,8.831927721,8.725977707,9.740898242,5.053797662,233.1780339,11.80912837,4.570826695,13.97205379,9.294008544,29.27364747,6.80829509,4.723512101,7.096712386,3.755711477,36.94046895,11.51553884,9.18378516,9.233915401,4.195322177,35.83254747,12.58859595,13.40404294,10.54136088,4.23258766,33.19092399,9.133128336,8.184336747,8.731392622,3.869683776,40.43896446,8.755029845,6.763323416,16.55398023,9.077015472,192.3562778,12.8294713,10.36875841,14.33769835,8.417353522,112.5396755,18.32065088,15.08298128,14.79432001,5.675042219,116.6356299,16.44516181,11.80834144,39.91446207,28.29721166,86.92173775,24.71777155,18.98559256,17.71822017,5.658683776,3
,,,,,,,,,,,,,,,,,,,,,,,,,,,,,,,,,,,,,,,,,,,,,,,,,,,,,,,,,,,,,,,,,,,,,,
14567.69263,117.3415023,56.86038869,119.8990786,68.39960838,15913.63066,132.8773179,60.46149391,313.214836,291.4369067,51109.06645,388.6591654,107.402869,126.3993185,56.44087881,19659.05852,145.7862346,50.49414641,101.5443039,68.6436698,27604.74362,122.0359535,37.0653623,132.7102716,98.1306083,15357.3569,108.4988764,18.14217044,70.41277318,51.97325577,13867.10298,107.8898764,30.36167257,80.18738957,45.01081167,13779.24178,107.3799654,37.99273395,62.67181191,34.08454426,12929.0869,64.72028643,25.21483399,49.64071089,32.43057193,12833.74986,107.7145656,32.16158141,113.6807457,82.00357431,41014.59001,175.9802291,47.93873531,90.60617879,60.01365728,71863.31521,306.8807865,150.9195833,93.52553644,44.5702608,18070.94176,147.8922304,45.86657683,180.4393136,156.5244172,14469.45004,123.7271757,53.98092893,80.81837098,47.4487096,3
,,,,,,,,,,,,,,,,,,,,,,,,,,,,,,,,,,,,,,,,,,,,,,,,,,,,,,,,,,,,,,,,,,,,,,
126.0323418,21.73930143,23.2626134,22.85486255,12.5153295,208.6232269,16.00349316,16.27757141,45.91757566,39.08560546,557.3204269,24.42479898,17.6523579,18.93825958,10.83030843,182.282664,16.36932724,13.29044369,18.85521281,14.50137779,1010.899914,20.19005821,10.50536629,46.07410252,34.10342142,87.7398901,10.62433006,5.901796835,11.18297646,6.872692894,103.574765,13.26028089,12.83221878,19.11909691,13.69392397,94.87609068,12.34583351,16.07327035,16.80678069,7.773554264,87.80874291,9.61718526,8.414439278,13.16091518,7.336164943,86.00470228,12.13269124,10.57083822,28.66608333,21.30454612,190.449898,17.89027397,14.74358028,22.21382455,13.55444446,197.4901949,23.13468869,17.92771018,18.97931139,11.30799314,147.1961273,19.56043885,16.05214907,24.38670502,20.4993331,150.3639688,25.29658309,20.86234043,20.76664281,11.06642076,3
,,,,,,,,,,,,,,,,,,,,,,,,,,,,,,,,,,,,,,,,,,,,,,,,,,,,,,,,,,,,,,,,,,,,,,
53.56783173,17.98637732,34.2296608,12.57101065,5.54270116,38.13747564,8.948610661,20.4015791,17.70245248,12.24072575,63.39500284,11.96283936,24.41175147,11.08133064,4.800556759,52.6694924,6.958832813,16.58437822,10.86224875,6.505893402,36.40144042,5.844919382,9.104441154,16.27908585,12.32575634,35.35522228,6.83605347,5.816121718,7.998388568,4.397318085,34.14712195,9.052264691,14.59538818,11.6894102,5.919993422,39.78820906,9.555712083,20.32665234,11.03986601,4.77471827,61.41796465,8.358130992,7.091401381,8.606627229,4.356256859,29.08118024,7.592015818,8.687070382,11.67761937,6.393614508,51.68718172,12.38834019,16.44619262,10.97597031,4.768096452,70.18746585,16.55650745,23.03434583,11.51798384,5.150529527,53.70309799,12.88757286,18.81062054,10.43259845,4.494809686,55.97799669,21.11806525,31.9361662,11.96188249,5.225765571,3
,,,,,,,,,,,,,,,,,,,,,,,,,,,,,,,,,,,,,,,,,,,,,,,,,,,,,,,,,,,,,,,,,,,,,,
82.7856481,23.77670972,39.60069437,15.08578489,6.893820445,58.96287643,11.15584635,21.0666074,24.20950692,18.18976411,125.9372504,17.65004191,31.39902389,12.49449964,6.235289445,84.2903482,11.98378698,20.63137147,11.90647429,7.24147524,68.76170582,8.242139062,8.052383812,18.74493085,13.73660522,67.06326905,6.508151812,5.223895499,8.982473103,4.705020549,55.50686925,11.05406093,13.48556499,11.85869339,7.169562728,58.25755331,11.51332349,24.15662295,12.8934152,5.00621345,65.43541713,9.08601876,10.50047639,10.17713827,4.529689872,50.49541748,8.380257357,10.25126795,12.95591057,6.297009039,129.8536486,13.53851099,22.13680714,13.07270549,6.582071648,136.7911069,22.09482007,31.09261283,12.17293555,5.644395122,95.60921686,15.61205234,23.24177507,15.44269372,7.54464657,108.8134992,25.65091631,37.273374,14.81690723,5.507168352,3
,,,,,,,,,,,,,,,,,,,,,,,,,,,,,,,,,,,,,,,,,,,,,,,,,,,,,,,,,,,,,,,,,,,,,,
153.8568825,20.49657769,59.28774299,25.88264218,12.42135487,138.3884199,11.06637636,31.84705858,54.14404134,48.86104624,188.3394799,16.69743906,44.19700565,16.68569011,8.439185381,154.0157289,10.9050981,30.78415255,19.90975413,14.39300522,204.7800515,8.101355161,11.89888448,25.99627894,21.72030691,69.96040842,7.499576599,8.522413495,9.89217477,4.803089919,79.53464002,13.07845604,27.81250059,16.04709916,7.221878441,80.22223022,14.03742911,40.86508684,15.2993635,5.560310216,55.3316638,9.29533209,16.48215351,11.42560519,5.408203947,102.4969268,10.1756196,12.00413527,21.85759397,13.65648316,211.5426181,16.41003219,27.62543756,23.92846404,14.96334489,324.6468043,22.53498507,43.6151095,18.96617935,10.41694835,284.9159525,19.0583214,33.12330509,87.75115583,106.4985273,153.7266986,25.39940149,55.42095861,26.71021611,13.91750087,3
,,,,,,,,,,,,,,,,,,,,,,,,,,,,,,,,,,,,,,,,,,,,,,,,,,,,,,,,,,,,,,,,,,,,,,
40.09022281,20.09850138,68.00457909,17.76141894,7.754645672,36.19958904,10.84244832,39.48253981,31.87999466,27.09483383,74.03251801,16.83254209,54.18153039,13.90930963,6.25070469,53.11247164,11.20508375,34.27295946,14.16509288,8.204013413,800.0111148,14.19362584,19.82209709,20.09806196,9.200016204,26.95223282,7.834837946,7.710826582,8.263737276,4.071913682,39.98980419,12.30536372,18.5198441,11.81853918,6.572884373,29.44657642,14.25762456,43.15814691,14.78515449,4.884676978,68.60961095,10.39179367,22.71225392,10.25207386,4.209169919,29.89556284,9.040737368,15.8972509,11.93698176,6.382111478,60.38220301,13.73627093,36.9731847,16.71198955,9.083925931,93.82467705,21.11166664,53.76232061,13.99229887,5.721243599,53.91226264,15.10262901,38.49454718,19.96558397,12.21577043,51.4403044,24.13494802,60.20329173,15.38557347,6.312065616,3
,,,,,,,,,,,,,,,,,,,,,,,,,,,,,,,,,,,,,,,,,,,,,,,,,,,,,,,,,,,,,,,,,,,,,,
90.82060264,23.1474493,54.09901552,15.09415405,7.226150484,58.51836271,12.27349976,29.13079751,28.32206782,18.58995418,174.1550372,25.93052064,41.75107904,12.16792554,5.876137643,63.48355054,13.38506771,24.92779775,11.95236715,8.133675002,82.06586545,9.753950238,11.89589738,14.36285229,9.834722147,36.09793373,6.091057009,8.108364191,8.982533211,4.247585169,46.63292739,9.950759174,16.3946926,10.70093303,6.068777128,41.41517552,10.00318683,33.99838813,13.28527511,4.940224381,55.17554308,7.180268919,17.16798746,10.02565259,4.353585801,39.74840873,8.226934348,11.80399533,10.64537863,5.372525328,106.9979396,17.94201329,25.99909219,12.36834528,7.50311765,201.5288701,27.21947664,39.69573857,12.18743149,5.785628833,87.68408728,16.4312265,26.73340712,13.28274084,8.535640106,89.89325292,21.99743259,44.62044387,13.67659824,5.683119181,3
,,,,,,,,,,,,,,,,,,,,,,,,,,,,,,,,,,,,,,,,,,,,,,,,,,,,,,,,,,,,,,,,,,,,,,
129.1035218,24.40414036,69.36767415,20.61568388,7.662077897,58.28300922,12.69415733,40.35403967,25.53848622,17.50020122,220.5250111,23.57460459,56.66361642,17.63133685,6.664791321,93.96465906,12.59091321,36.41775783,15.38131832,8.330040337,163.8011602,17.5780347,16.57751167,26.77564727,13.15464471,42.64638417,9.259670326,14.01798981,10.58017137,4.868198188,87.35345893,13.08674226,22.59117351,14.93466529,6.864402746,60.76522751,12.72960252,67.9037619,17.74593212,5.862913766,69.07611521,11.59602452,32.5937953,13.88589845,5.093907386,49.41022114,9.877267295,13.05372782,15.91116121,8.787685648,152.1130791,18.49749838,35.23024463,16.74335153,6.648703891,249.3680815,25.50567724,55.13914801,16.870576,5.859731985,102.7628921,17.94826876,33.33980081,16.64701689,6.052468475,136.3012709,28.69200031,59.72563805,18.97955542,6.270773612,3
